x=100 y=100
231,231,231,231,231,231,231,231,231,231,231,231,231,231,231,231,231,231,231,231,231,231,231,231,231,231,231,231,231,231,231,231,231,231,231,231,231,231,231,231,231,231,231,231,231,231,231,231,231,231,231,231,231,231,231,231,231,231,231,231,231,231,231,231,231,231,231,231,231,231,231,231,231,231,231,231,231,231,231,231,231,231,231,231,231,231,231,231,231,231,231,231,231,231,231,231,231,231,231,231,
231,231,231,231,231,231,231,231,231,231,231,231,231,231,231,231,231,231,231,231,231,231,231,231,231,231,231,231,231,231,231,231,231,231,231,231,231,231,231,231,231,231,231,231,231,231,231,231,231,231,231,231,231,231,231,231,231,231,231,231,231,231,231,231,231,231,231,231,231,231,231,231,231,231,231,231,231,231,231,231,231,231,231,231,231,231,231,231,231,231,231,231,231,231,231,231,231,231,231,231,
231,231,231,231,231,231,231,231,231,231,231,231,231,231,231,231,231,231,231,231,231,231,231,231,231,231,231,231,231,231,231,231,231,231,231,231,231,231,231,231,231,231,231,231,231,231,231,231,231,231,231,231,231,231,231,231,231,231,231,231,231,231,231,231,231,231,231,231,231,231,231,231,231,231,231,231,231,231,231,231,231,231,231,231,231,231,231,231,231,231,231,231,231,231,231,231,231,231,231,231,
231,231,231,231,231,231,231,231,231,231,231,231,231,231,231,231,231,231,231,231,231,231,231,231,231,231,231,231,231,231,231,231,231,231,231,231,231,231,231,231,231,231,231,231,231,231,231,231,231,231,231,231,231,231,231,231,231,231,231,231,231,231,231,231,231,231,231,231,231,231,231,231,231,231,231,231,231,231,231,231,231,231,231,231,231,231,231,231,231,231,231,231,231,231,231,231,231,231,231,231,
231,231,231,231,231,231,231,231,231,231,231,231,231,231,231,231,231,231,231,231,231,231,231,231,231,231,231,231,231,231,231,231,231,231,231,231,231,231,231,231,231,231,231,231,231,231,231,231,231,231,231,231,231,231,231,231,231,231,231,231,231,231,231,231,231,231,231,231,231,231,231,231,231,231,231,231,231,231,231,231,231,231,231,231,231,231,231,231,231,231,231,231,231,231,231,231,231,231,231,231,
231,231,231,231,231,231,231,231,231,231,231,231,231,231,231,231,231,231,231,231,231,231,231,231,231,231,231,231,231,231,231,231,231,231,231,231,231,231,231,231,231,231,231,231,231,231,231,231,231,231,231,231,231,231,231,231,231,231,231,231,231,231,231,231,231,231,231,231,231,231,231,231,231,231,231,231,231,231,231,231,231,231,231,231,231,231,231,231,231,231,231,231,231,231,231,231,231,231,231,231,
231,231,231,231,231,231,231,231,231,231,231,231,231,231,231,231,231,231,231,231,231,231,231,231,231,231,231,231,231,231,231,231,231,231,231,231,231,231,231,231,231,231,231,231,231,231,231,231,231,231,231,231,231,231,231,231,231,231,231,231,231,231,231,231,231,231,231,231,231,231,231,231,231,231,231,231,231,231,231,231,231,231,231,231,231,231,231,231,231,231,231,231,231,231,231,231,231,231,231,231,
231,231,231,231,231,231,231,231,231,231,231,231,231,231,231,231,231,231,231,231,231,231,231,231,231,231,231,231,231,231,231,231,231,231,231,231,231,231,231,231,231,231,231,231,231,231,231,231,231,231,231,231,231,231,231,231,231,231,231,231,231,231,231,231,231,231,231,231,231,231,231,231,231,231,231,231,231,231,231,231,231,231,231,231,231,231,231,231,231,231,231,231,231,231,231,231,231,231,231,231,
231,231,231,231,231,231,231,231,231,231,231,231,231,231,231,231,231,231,231,231,231,231,231,231,231,231,231,231,231,231,231,231,231,231,231,231,231,231,231,231,231,231,231,231,231,231,231,231,231,231,231,231,231,231,231,231,231,231,231,231,231,231,231,231,231,231,231,231,231,231,231,231,231,231,231,231,231,231,231,231,231,231,231,231,231,231,231,231,231,231,231,231,231,231,231,231,231,231,231,231,
231,231,231,231,231,231,231,231,231,231,231,231,231,231,231,231,231,231,231,231,231,231,231,231,231,231,231,231,231,231,231,231,231,231,231,231,231,231,231,231,231,231,231,231,231,231,231,231,231,231,231,231,231,231,231,231,231,231,231,231,231,231,231,231,231,231,231,231,231,231,231,231,231,231,231,231,231,231,231,231,231,231,231,231,231,231,231,231,231,231,231,231,231,231,231,231,231,231,231,231,
231,231,231,231,231,231,231,231,231,231,231,231,231,231,231,231,231,231,231,231,231,231,231,231,231,231,231,231,231,231,231,231,231,231,231,231,231,231,231,231,231,231,231,231,231,231,231,231,231,231,231,231,231,231,231,231,231,231,231,231,231,231,231,231,231,231,231,231,231,231,231,231,231,231,231,231,231,231,231,231,231,231,231,231,231,231,231,231,231,231,231,231,231,231,231,231,231,231,231,231,
231,231,231,231,231,231,231,231,231,231,231,231,231,231,231,231,231,231,231,231,231,231,231,231,231,231,231,231,231,231,231,231,231,231,231,231,231,231,231,231,231,231,231,231,231,231,231,231,231,231,231,231,231,231,231,231,231,231,231,231,231,231,231,231,231,231,231,231,231,231,231,231,231,231,231,231,231,231,231,231,231,231,231,231,231,231,231,231,231,231,231,231,231,231,231,231,231,231,231,231,
231,231,231,231,231,231,231,231,231,231,231,231,231,231,231,231,231,231,231,231,231,231,231,231,231,231,231,231,231,231,231,231,231,231,231,231,231,231,231,231,231,231,231,231,231,231,231,230,228,228,228,228,229,229,230,231,231,231,231,231,231,231,231,231,231,231,231,231,231,231,231,231,231,231,231,231,231,231,231,231,231,231,231,231,231,231,231,231,231,231,231,231,231,231,231,231,231,231,231,231,
231,231,231,231,231,231,231,231,231,231,231,231,231,231,231,231,231,231,231,231,231,231,231,231,231,231,231,231,231,231,231,231,231,231,231,231,231,231,231,231,230,231,231,231,231,231,231,220,220,220,220,220,220,220,220,220,220,227,228,230,231,231,231,231,231,231,231,231,231,231,231,231,231,231,231,231,231,231,231,231,231,231,231,231,231,231,231,231,231,231,231,231,231,231,231,231,231,231,231,231,
231,231,231,231,231,231,231,231,231,231,231,231,231,231,231,231,231,231,231,231,231,231,231,231,231,231,231,231,231,231,231,231,231,231,231,231,231,229,227,220,220,229,231,231,231,231,231,220,220,220,220,220,220,220,220,220,220,220,220,220,220,227,229,231,231,231,231,231,231,231,231,231,231,231,231,231,231,231,231,231,231,231,231,231,231,231,231,231,231,231,231,231,231,231,231,231,231,231,231,231,
231,231,231,231,231,231,231,231,231,231,231,231,231,231,231,231,231,231,231,231,231,231,231,231,231,231,231,231,231,231,231,231,231,231,230,228,220,220,220,220,220,221,231,231,231,231,231,220,220,220,220,220,220,220,220,220,220,220,220,220,220,220,220,220,228,230,231,231,231,231,231,231,231,231,231,231,231,231,231,231,231,231,231,231,231,231,231,231,231,231,231,231,231,231,231,231,231,231,231,231,
231,231,231,231,231,231,231,231,231,231,231,231,231,231,231,231,231,231,231,231,231,231,231,231,231,231,231,231,231,231,231,231,230,227,220,220,220,220,220,220,220,220,230,231,231,231,231,220,220,220,220,220,220,220,220,220,220,220,220,220,220,220,220,220,220,220,227,230,231,231,231,231,231,231,231,231,231,231,231,231,231,231,231,231,231,231,231,231,231,231,231,231,231,231,231,231,231,231,231,231,
231,231,231,231,231,231,231,231,231,231,231,231,231,231,231,231,231,231,231,231,231,231,231,231,231,231,231,231,231,231,230,228,220,220,220,220,220,220,220,220,220,220,228,231,231,231,231,220,220,220,220,220,220,220,220,220,220,220,220,220,220,220,220,220,220,220,220,220,228,231,231,231,231,231,231,231,231,231,231,231,231,231,231,231,231,231,231,231,231,231,231,231,231,231,231,231,231,231,231,231,
231,231,231,231,231,231,231,231,231,231,231,231,231,231,231,231,231,231,231,231,231,231,231,231,231,231,231,231,231,229,220,220,220,220,220,220,220,220,220,220,220,220,221,231,231,231,231,220,220,220,220,220,220,220,220,220,220,220,220,220,220,220,220,220,220,220,220,220,220,229,231,231,231,231,231,231,231,231,231,231,231,231,231,231,231,231,231,231,231,231,231,231,231,231,231,231,231,231,231,231,
231,231,231,231,231,231,231,231,231,231,231,231,231,231,231,231,231,231,231,231,231,231,231,231,231,231,231,231,221,220,220,220,220,220,220,220,220,220,220,220,220,220,220,230,231,231,231,220,220,220,220,220,220,220,220,220,220,220,220,220,220,220,220,220,220,220,220,220,220,230,231,231,231,231,231,231,231,231,231,231,231,231,231,231,231,231,231,231,231,231,231,231,231,231,231,231,231,231,231,231,
231,231,231,231,231,231,231,231,231,231,231,231,231,231,231,231,231,231,231,231,231,231,231,231,231,231,229,220,220,220,220,220,220,220,220,220,220,220,220,220,220,220,220,229,231,231,231,220,220,220,220,220,220,220,220,220,220,220,220,220,220,220,220,220,220,220,220,220,228,231,231,231,231,231,231,231,231,231,231,231,231,231,231,231,231,231,231,231,231,231,231,231,231,231,231,231,231,231,231,231,
231,231,231,231,231,231,231,231,231,231,231,231,231,231,231,231,231,231,231,231,231,231,231,231,231,229,220,220,220,220,220,220,220,220,220,220,220,220,220,220,220,220,220,221,231,231,231,220,220,220,220,220,220,220,220,220,220,220,220,220,220,220,220,220,220,220,220,220,231,231,231,231,231,230,230,231,231,231,231,231,231,231,231,231,231,231,231,231,231,231,231,231,231,231,231,231,231,231,231,231,
231,231,231,231,231,231,231,231,231,231,231,231,231,231,231,231,231,231,231,231,231,231,231,231,228,220,220,220,220,220,220,220,220,220,220,220,220,220,220,220,220,220,220,220,231,231,231,220,220,220,220,220,220,220,220,220,220,220,220,220,220,220,220,220,220,220,220,229,231,231,231,231,228,220,220,229,231,231,231,231,231,231,231,231,231,231,231,231,231,231,231,231,231,231,231,231,231,231,231,231,
231,231,231,231,231,231,231,231,231,231,231,231,231,231,231,231,231,231,231,231,231,231,231,228,220,220,220,220,220,220,220,220,220,220,220,220,220,220,220,220,220,220,220,220,229,231,231,220,220,220,220,220,220,220,220,220,220,220,220,220,220,220,220,220,220,220,227,231,231,231,231,227,220,220,220,220,228,231,231,231,231,231,231,231,231,231,231,231,231,231,231,231,231,231,231,231,231,231,231,231,
231,231,231,231,231,231,231,231,231,231,231,231,231,231,231,231,231,231,231,231,231,231,228,220,220,220,220,220,220,220,220,220,220,220,220,220,220,220,220,220,220,220,220,220,228,231,231,220,220,220,220,220,220,220,220,220,220,220,220,220,220,220,220,220,220,220,230,231,231,230,220,220,220,220,220,220,220,229,231,231,231,231,231,231,231,231,231,231,231,231,231,231,231,231,231,231,231,231,231,231,
231,231,231,231,231,231,231,231,231,231,231,231,231,231,231,231,231,231,231,231,231,230,220,220,220,220,220,220,220,220,220,220,220,220,220,220,220,220,220,220,220,220,220,220,220,231,231,220,220,220,220,220,220,220,220,220,220,220,220,220,220,220,220,220,220,228,231,231,230,220,220,220,220,220,220,220,220,220,229,231,231,231,231,231,231,231,231,231,231,231,231,231,231,231,231,231,231,231,231,231,
231,231,231,231,231,231,231,231,231,231,231,231,231,231,231,231,231,231,231,231,231,230,220,220,220,220,220,220,220,220,220,220,220,220,220,220,220,220,220,220,220,220,220,220,220,230,231,220,220,220,220,220,220,220,220,220,220,220,220,220,220,220,220,220,220,231,231,230,220,220,220,220,220,220,220,220,220,220,220,230,231,231,231,231,231,231,231,231,231,231,231,231,231,231,231,231,231,231,231,231,
231,231,231,231,231,231,231,231,231,231,231,231,231,231,231,231,231,231,231,231,231,231,229,220,220,220,220,220,220,220,220,220,220,220,220,220,220,220,220,220,220,220,220,220,220,229,231,227,220,220,220,220,220,220,220,220,220,220,220,220,220,220,220,220,228,231,230,220,220,220,220,220,220,220,220,220,220,220,220,220,231,231,231,231,231,231,231,231,231,231,231,231,231,231,231,231,231,231,231,231,
231,231,231,231,231,231,231,231,231,231,231,231,231,231,231,231,231,231,231,231,231,231,231,230,220,220,220,220,220,220,220,220,220,220,220,220,220,220,220,220,220,220,220,220,220,227,231,227,220,220,220,220,220,220,220,220,220,220,220,220,220,220,220,220,231,230,220,220,220,220,220,220,220,220,220,220,220,220,220,220,227,231,231,231,231,231,231,231,231,231,231,231,231,231,231,231,231,231,231,231,
231,231,231,231,231,231,231,231,231,231,231,231,231,231,231,231,231,231,231,231,231,231,231,231,231,227,220,220,220,220,220,220,220,220,220,220,220,220,220,220,220,220,220,220,220,220,231,228,220,220,220,220,220,220,220,220,220,220,220,220,220,220,220,229,230,220,220,220,220,220,220,220,220,220,220,220,220,220,220,220,220,229,231,231,231,231,231,231,231,231,231,231,231,231,231,231,231,231,231,231,
231,231,231,231,231,231,231,231,231,231,231,231,231,231,231,231,231,231,228,229,231,231,231,231,231,231,228,220,220,220,220,220,220,220,220,220,220,220,220,220,220,220,220,220,220,220,230,228,220,220,220,220,220,220,220,220,220,220,220,220,220,220,220,231,221,220,220,220,220,220,220,220,220,220,220,220,220,220,220,220,220,220,231,231,231,231,231,231,231,231,231,231,231,231,231,231,231,231,231,231,
231,231,231,231,231,231,231,231,231,231,231,231,231,231,231,231,231,227,220,220,220,228,231,231,231,231,231,228,220,220,220,220,220,220,220,220,220,220,220,220,220,220,220,220,220,220,229,228,220,220,220,220,220,220,220,220,220,220,220,220,220,220,228,228,220,220,220,220,220,220,220,220,220,220,220,220,220,220,220,220,220,220,228,231,231,231,231,231,231,231,231,231,231,231,231,231,231,231,231,231,
231,231,231,231,231,231,231,231,231,231,231,231,231,231,231,231,230,220,220,220,220,220,220,227,230,231,231,231,229,220,220,220,220,220,220,220,220,220,220,220,220,220,220,220,220,220,227,229,220,220,220,220,220,220,220,220,220,220,220,220,220,220,228,220,220,220,220,220,220,220,220,220,220,220,220,220,220,220,220,220,220,220,220,230,231,231,231,231,231,231,231,231,231,231,231,231,231,231,231,231,
231,231,231,231,231,231,231,231,231,231,231,231,231,231,231,231,227,220,220,220,220,220,220,220,220,228,230,231,231,229,220,220,220,220,220,220,220,220,220,220,220,220,220,220,220,220,220,229,220,220,220,220,220,220,220,220,220,220,220,220,220,220,220,220,220,220,220,220,220,220,220,220,220,220,220,220,220,220,220,220,220,220,220,228,231,231,231,231,231,231,231,231,231,231,231,231,231,231,231,231,
231,231,231,231,231,231,231,231,231,231,231,231,231,231,231,230,220,220,220,220,220,220,220,220,220,220,220,228,231,231,229,220,220,220,220,220,220,220,220,220,220,220,220,220,220,220,220,229,220,220,220,220,220,220,220,220,220,220,220,220,220,220,220,220,220,220,220,220,220,220,220,220,220,220,220,220,220,220,220,220,220,220,220,220,231,231,231,231,231,231,231,231,231,231,231,231,231,231,231,231,
231,231,231,231,231,231,231,231,231,231,231,231,231,231,231,227,220,220,220,220,220,220,220,220,220,220,220,220,220,229,231,229,220,220,220,220,220,220,220,220,220,220,220,220,220,220,220,229,220,220,220,220,220,220,220,220,220,220,220,220,220,220,220,220,220,220,220,220,220,220,220,220,220,220,220,220,220,220,220,220,220,220,220,220,228,231,231,231,231,231,231,231,231,231,231,231,231,231,231,231,
231,231,231,231,231,231,231,231,231,231,231,231,231,231,231,220,220,220,220,220,220,220,220,220,220,220,220,220,220,220,221,230,229,220,220,220,220,220,220,220,220,220,220,220,220,220,220,227,220,220,220,220,220,220,220,220,220,220,220,220,220,220,220,220,220,220,220,220,220,220,220,220,220,220,220,220,220,220,220,220,220,220,220,220,221,231,231,231,231,231,231,231,231,231,231,231,231,231,231,231,
231,231,231,231,231,231,231,231,231,231,231,231,231,231,229,220,220,220,220,220,220,220,220,220,220,220,220,220,220,220,220,220,228,228,220,220,220,220,220,220,220,220,220,220,220,220,220,221,220,220,220,220,220,220,220,220,220,220,220,220,220,220,220,220,220,220,220,220,220,220,220,220,220,220,220,220,220,220,220,220,220,220,220,220,229,231,231,231,231,231,231,231,231,231,231,231,231,231,231,231,
231,231,231,231,231,231,231,231,231,231,231,231,231,231,227,220,220,220,220,220,220,220,220,220,220,220,220,220,220,220,220,220,220,227,221,220,220,220,220,220,220,220,220,220,220,220,220,220,220,220,220,220,220,220,220,220,220,220,220,220,220,220,220,220,220,220,220,220,220,220,220,220,220,220,220,220,220,220,220,220,221,228,230,231,231,231,231,231,231,231,231,231,231,231,231,231,231,231,231,231,
231,231,231,231,231,231,231,231,231,231,231,231,231,230,220,220,220,220,220,220,220,220,220,220,220,220,220,220,220,220,220,220,220,220,220,220,220,220,220,220,220,220,220,220,220,220,220,220,220,220,220,220,220,220,220,220,220,220,220,220,220,220,220,220,220,220,220,220,220,220,220,220,220,220,220,220,220,220,228,230,231,231,231,231,231,231,231,231,231,231,231,231,231,231,231,231,231,231,231,231,
231,231,231,231,231,231,231,231,231,231,231,231,231,229,220,220,220,220,220,220,220,220,220,220,220,220,220,220,220,220,220,220,220,220,220,220,220,220,220,220,220,220,220,220,220,220,220,220,220,220,220,220,220,220,220,220,220,220,220,220,220,220,220,220,220,220,220,220,220,220,220,220,220,220,220,221,229,231,231,231,231,231,231,231,231,231,231,231,231,231,231,231,231,231,231,231,231,231,231,231,
231,231,231,231,231,231,231,231,231,231,231,231,231,228,220,220,220,220,220,220,220,220,220,220,220,220,220,220,220,220,220,220,220,220,220,220,220,220,220,220,220,220,220,220,220,220,220,220,220,220,220,220,220,220,220,220,220,220,220,220,220,220,220,220,220,220,220,220,220,220,220,220,220,227,229,231,231,231,231,231,231,231,231,231,231,231,231,231,231,231,231,231,231,231,231,231,231,231,231,231,
231,231,231,231,231,231,231,231,231,231,231,231,231,221,220,220,220,220,220,220,220,220,220,220,220,220,220,220,220,220,220,220,220,220,220,220,220,220,220,220,220,220,220,220,220,220,220,220,220,220,220,220,220,220,220,220,220,220,220,220,220,220,220,220,220,220,220,220,220,220,220,220,229,231,231,231,231,231,231,231,231,231,231,231,231,231,231,231,231,231,231,231,231,231,231,231,231,231,231,231,
231,231,231,231,231,231,231,231,231,231,231,231,231,220,220,220,220,220,220,220,220,220,220,220,220,220,220,220,220,220,220,220,220,220,220,220,220,220,220,220,220,220,220,220,220,220,220,220,220,220,220,220,220,220,220,220,220,220,220,220,220,220,220,220,220,220,220,220,220,220,228,231,231,231,231,231,231,231,231,231,231,231,231,231,231,231,231,231,231,231,231,231,231,231,231,231,231,231,231,231,
231,231,231,231,231,231,231,231,231,231,231,231,230,220,220,220,220,220,220,220,220,220,220,220,220,220,220,220,220,220,220,220,220,220,220,220,220,220,220,220,220,220,220,220,220,220,220,220,220,220,220,220,220,220,220,220,220,220,220,220,220,220,220,220,220,220,220,220,221,230,231,231,231,231,231,231,231,231,231,231,231,231,231,231,231,231,231,231,231,231,231,231,231,231,231,231,231,231,231,231,
231,231,231,231,231,231,231,231,231,231,231,231,230,220,220,220,220,220,220,220,220,220,220,220,220,220,220,220,220,220,220,220,220,220,220,220,220,220,220,220,220,220,220,220,220,220,220,220,220,220,220,220,220,220,220,220,220,220,220,220,220,220,220,220,220,220,220,228,231,231,231,231,231,231,231,231,231,231,231,231,231,231,231,231,231,231,231,231,231,231,231,231,231,231,231,231,231,231,231,231,
231,231,231,231,231,231,231,231,231,231,231,231,229,220,220,220,220,220,220,220,220,220,220,220,220,220,220,220,220,220,220,220,220,220,220,220,220,220,220,220,220,220,220,220,220,220,220,220,220,220,220,220,220,220,220,220,220,220,220,220,220,220,220,220,220,220,229,231,231,231,231,231,231,231,231,231,231,231,231,231,231,231,231,231,231,231,231,231,231,231,231,231,231,231,231,231,231,231,231,231,
231,231,231,231,231,231,231,231,231,231,231,231,230,220,220,220,220,220,227,227,227,228,227,227,221,220,220,220,220,220,220,220,220,220,220,220,220,220,220,220,220,220,220,220,220,220,220,220,220,220,220,220,220,220,220,220,220,220,220,220,220,220,220,220,220,230,231,231,231,231,231,231,231,231,231,231,231,231,231,231,231,231,231,231,231,231,231,231,231,231,231,231,231,231,231,231,231,231,231,231,
231,231,231,231,231,231,231,231,231,231,231,231,231,230,229,231,231,231,231,231,231,231,231,231,231,231,231,230,229,228,220,220,220,220,220,220,220,220,220,220,220,220,220,220,220,220,220,220,220,220,220,220,220,220,220,220,220,220,220,220,220,220,220,220,230,231,231,231,231,231,231,231,231,231,231,231,231,231,231,231,231,231,231,195,153,117,117,231,231,231,231,231,231,231,231,231,231,231,231,231,
231,231,231,231,231,231,231,231,231,231,231,231,231,231,231,231,231,231,231,231,231,231,231,231,231,231,231,231,231,231,231,230,228,220,220,220,220,220,220,220,220,220,220,220,220,220,220,220,220,220,220,220,220,220,220,220,220,220,220,220,220,220,220,230,231,231,231,231,231,231,231,231,231,231,231,231,231,195,153,117,75,75,39,39,39,39,39,153,231,231,231,231,231,231,231,231,231,231,231,231,
231,231,231,231,231,231,231,231,231,231,231,231,231,231,231,231,231,231,231,231,231,231,231,231,231,231,231,231,231,231,231,231,231,231,229,227,220,220,220,220,220,220,220,220,220,220,220,220,220,220,220,220,220,220,220,220,220,220,220,220,220,220,230,231,231,231,231,231,195,195,153,153,117,81,75,75,39,39,39,39,39,39,39,39,39,39,39,153,231,231,231,231,231,231,231,231,231,231,231,231,
231,231,231,231,231,231,231,231,231,231,231,231,231,231,231,231,231,231,231,231,231,231,231,231,231,231,231,231,231,231,231,231,231,153,117,117,110,185,220,220,220,220,220,220,220,220,220,220,220,220,220,220,220,220,220,220,220,220,220,220,220,110,75,75,39,39,39,39,39,39,39,39,39,39,39,39,39,39,39,39,39,39,39,39,39,39,39,153,231,231,231,231,231,231,231,231,231,231,231,231,
231,231,231,231,231,231,231,231,231,231,231,231,231,231,231,231,231,231,231,231,231,231,231,231,231,231,231,231,231,231,153,39,39,39,39,39,39,39,109,220,220,220,220,220,220,220,220,220,220,220,220,220,220,220,220,220,220,220,220,220,109,39,39,39,39,39,39,39,39,39,39,39,39,39,39,39,39,39,39,39,39,39,39,39,39,39,39,153,231,231,231,231,231,231,231,231,231,231,231,231,
231,231,231,231,231,231,231,231,231,231,231,231,231,231,231,229,230,231,231,231,231,231,231,231,231,231,231,231,153,39,39,39,39,39,75,117,117,81,75,74,221,220,220,220,220,220,220,220,220,220,220,220,220,220,220,220,220,220,220,150,39,39,39,39,39,39,39,39,39,39,39,39,39,39,39,39,39,39,39,39,39,39,39,39,39,39,39,195,231,231,231,231,231,231,231,231,231,231,231,231,
231,231,231,231,231,231,231,231,231,231,231,231,231,229,220,220,220,231,231,231,231,231,231,231,231,231,195,75,39,39,39,117,195,231,231,231,231,231,231,231,195,221,220,220,220,220,220,220,220,220,220,220,220,220,220,220,220,220,185,39,39,39,39,39,39,39,39,39,39,39,39,39,39,39,39,39,39,39,39,39,39,39,39,39,39,39,39,195,231,231,231,231,231,231,231,231,231,231,231,231,
231,231,231,231,231,231,231,231,231,231,231,231,230,220,220,220,220,231,231,231,231,231,231,231,231,195,39,39,39,117,231,231,231,231,231,231,231,231,231,231,231,231,227,220,220,220,220,220,220,220,220,220,220,220,220,220,220,220,74,39,39,39,39,39,39,39,39,39,39,39,39,39,39,39,39,39,39,39,39,39,39,39,39,39,39,39,39,231,231,231,231,231,231,231,231,231,231,231,231,231,
231,231,231,231,231,231,231,231,231,231,231,231,231,220,220,220,220,231,231,231,231,231,231,231,195,39,39,39,195,231,231,231,231,231,231,231,231,231,231,231,231,231,231,221,220,220,220,220,220,220,220,220,220,220,220,220,220,109,39,39,39,39,39,39,39,39,39,39,39,39,39,39,39,39,39,39,39,39,39,39,39,39,39,39,39,39,75,231,231,231,231,231,231,231,231,231,231,231,231,231,
231,231,231,231,231,231,231,231,231,231,231,231,231,221,220,220,220,231,231,231,231,231,231,231,39,39,39,195,231,231,231,231,231,231,231,231,231,231,231,231,231,231,231,230,220,220,220,220,220,220,220,220,220,220,220,220,185,39,39,39,39,39,39,39,39,39,39,39,39,39,39,39,39,39,39,39,39,39,39,39,39,39,39,39,39,39,81,231,231,231,231,231,231,231,231,231,231,231,231,231,
231,231,231,231,231,231,231,231,231,231,231,231,231,228,220,220,220,231,231,231,231,231,231,117,39,39,195,231,231,231,231,231,231,231,231,231,231,231,231,231,231,231,231,231,229,220,220,220,220,220,220,220,220,220,220,220,74,39,39,39,39,39,39,39,39,39,39,39,39,39,39,39,39,39,39,39,39,39,39,39,39,39,39,39,39,39,153,231,231,231,231,231,231,231,231,231,231,231,231,231,
231,231,231,231,231,231,231,231,231,231,231,231,231,229,220,220,220,230,231,231,231,231,195,39,39,117,231,231,231,231,231,231,231,231,231,231,231,231,231,231,231,231,231,231,231,221,220,220,220,220,220,220,220,220,220,150,39,39,39,39,39,39,39,39,39,39,39,39,39,39,39,39,39,39,39,39,39,39,39,39,39,39,39,39,39,39,195,231,231,231,231,231,231,231,231,231,231,231,231,231,
231,231,231,231,231,231,231,231,231,231,231,231,231,230,220,220,220,229,231,231,231,231,117,39,75,231,231,231,231,231,231,231,231,231,231,231,231,231,231,231,231,231,231,231,231,229,220,220,220,220,220,220,220,220,220,39,39,39,39,39,39,39,39,39,39,39,39,39,39,39,39,39,39,39,39,39,39,39,39,39,39,39,39,39,39,39,231,231,231,231,231,231,231,231,231,231,231,231,231,231,
231,231,231,231,231,231,231,231,231,231,231,231,231,231,227,220,220,229,231,231,231,231,39,39,153,231,231,231,231,231,231,231,231,231,231,231,231,231,231,231,231,231,231,231,231,231,221,220,220,220,220,220,220,220,150,39,39,39,39,39,39,39,39,39,39,39,39,39,39,39,39,39,39,39,39,39,39,39,39,39,39,39,39,39,39,117,231,231,231,231,231,231,231,231,231,231,231,231,231,231,
231,231,231,231,231,231,231,231,231,231,231,231,231,231,229,220,220,227,231,231,231,195,39,39,231,231,231,231,231,231,231,231,231,231,231,231,231,231,231,231,231,231,231,231,231,231,229,220,220,220,220,220,220,220,74,39,39,39,39,39,39,39,39,39,39,39,39,39,39,39,39,39,39,39,39,39,39,39,39,39,39,39,39,39,39,153,231,231,231,231,231,231,231,231,231,231,231,231,231,231,
231,231,231,231,231,231,231,231,231,231,231,231,231,231,231,220,220,220,231,231,231,117,39,75,231,231,231,231,231,231,231,231,231,231,231,231,231,231,231,231,231,231,231,231,231,231,230,220,220,220,220,220,220,150,39,39,39,39,39,39,39,39,39,39,39,39,39,39,39,39,39,39,39,39,39,39,39,39,39,39,39,39,39,39,39,231,231,231,231,231,231,231,231,231,231,231,231,231,231,231,
231,231,231,231,231,231,231,231,231,231,231,231,231,231,231,227,220,220,229,231,231,75,39,117,231,231,231,231,231,231,231,231,231,231,231,231,231,231,231,231,231,231,231,231,231,231,231,221,220,220,220,220,220,74,39,39,39,39,39,39,39,39,39,39,39,39,39,39,39,39,39,39,39,39,39,39,39,39,39,39,39,39,39,39,117,231,231,231,231,231,231,231,231,231,231,231,231,231,231,231,
231,231,231,231,231,231,231,231,231,231,231,231,231,231,231,230,220,220,227,231,231,75,39,153,231,231,231,231,231,231,231,231,231,231,231,231,231,231,231,231,231,231,231,231,231,231,231,228,220,220,220,220,185,39,39,39,39,39,39,39,39,39,39,39,39,39,39,39,39,39,39,39,39,39,39,39,39,39,39,39,39,39,39,39,231,231,231,231,231,231,231,231,231,231,231,231,231,231,231,231,
231,231,231,231,231,231,231,231,231,231,231,231,231,231,231,231,227,220,220,230,231,75,39,153,231,231,231,231,231,231,231,231,231,231,231,231,231,231,231,231,231,231,231,231,231,231,231,229,220,220,220,220,109,39,39,39,39,39,39,39,39,39,39,39,39,39,39,39,39,39,39,39,39,39,39,39,39,39,39,39,39,39,39,117,231,231,231,231,231,231,231,231,231,231,231,231,231,231,231,231,
231,231,231,231,231,231,231,231,231,231,231,231,231,231,231,231,230,220,220,228,231,75,39,153,231,231,231,231,231,231,231,231,231,231,231,231,231,231,231,231,231,231,231,231,231,231,231,230,220,220,220,220,39,39,39,39,39,39,39,39,39,39,39,39,39,39,39,39,39,39,39,39,39,39,39,39,39,39,39,39,39,39,39,195,231,231,231,231,231,231,231,231,231,231,231,231,231,231,231,231,
231,231,231,231,231,231,231,231,231,231,231,231,231,231,231,231,231,227,220,220,230,75,39,117,231,231,231,231,231,231,231,231,231,231,231,231,231,231,231,231,231,231,231,231,231,231,231,230,220,220,220,109,39,39,39,39,39,39,39,39,39,39,39,39,39,39,39,39,117,39,39,39,39,39,39,39,39,39,39,39,39,39,117,231,231,231,231,231,231,231,231,231,231,231,231,231,231,231,231,231,
231,231,231,231,231,231,231,231,231,231,231,231,231,231,231,231,231,230,220,220,227,117,39,75,231,231,231,231,231,231,231,231,231,231,231,231,231,231,231,231,231,231,231,231,231,231,231,230,220,220,220,39,39,39,39,39,39,39,39,39,39,39,39,39,39,39,39,39,39,153,75,39,39,39,39,39,39,39,39,39,39,39,231,231,231,231,231,231,231,231,231,231,231,231,231,231,231,231,231,231,
231,231,231,231,231,231,231,231,231,231,231,231,231,231,231,231,231,231,228,220,220,187,39,39,231,231,231,231,231,231,231,231,231,231,231,231,231,231,231,231,231,231,231,231,231,231,231,229,220,220,186,39,39,39,39,39,39,39,39,39,39,39,39,39,39,39,39,39,39,75,195,117,39,39,39,39,39,39,39,39,39,153,231,231,231,231,231,231,231,231,231,231,231,231,231,231,231,231,231,231,
231,231,231,231,231,231,231,231,231,231,231,231,231,231,231,231,231,231,231,221,220,220,74,39,153,231,231,231,231,231,231,231,231,231,231,231,231,231,231,231,231,231,231,231,231,231,231,228,220,220,188,39,39,39,39,39,39,39,39,39,39,39,39,39,39,39,39,39,39,39,117,231,153,39,39,39,39,39,39,39,75,231,231,231,231,231,231,231,231,231,231,231,231,231,231,231,231,231,231,231,
231,231,231,231,231,231,231,231,231,231,231,231,231,231,231,231,231,231,231,231,220,220,220,38,75,231,231,231,231,231,231,231,231,231,231,231,231,231,231,231,231,231,231,231,231,231,231,220,220,228,195,39,39,39,39,39,39,39,39,39,39,39,39,39,39,39,39,39,39,39,39,153,231,195,75,39,39,39,39,39,231,231,231,231,231,231,231,231,231,231,231,231,231,231,231,231,231,231,231,231,
231,231,231,231,231,231,231,231,231,231,231,231,231,231,231,231,231,231,231,231,229,220,220,185,39,153,231,231,231,231,231,231,231,231,231,231,231,231,231,231,231,231,231,231,231,231,229,220,220,230,195,39,39,39,39,39,39,39,39,39,39,39,39,39,39,39,39,39,39,39,39,39,195,231,231,153,39,39,39,195,231,231,231,231,231,231,231,231,231,231,231,231,231,231,231,231,231,231,231,231,
231,231,231,231,231,231,231,231,231,231,231,231,231,231,231,231,231,231,231,231,231,229,220,220,185,75,195,231,231,231,231,231,231,231,231,231,231,231,231,231,231,231,231,231,231,231,221,220,227,231,195,39,39,39,39,39,39,39,39,39,39,39,39,39,39,39,39,39,39,39,39,39,75,231,231,231,195,153,195,231,231,231,231,231,231,231,231,231,231,231,231,231,231,231,231,231,231,231,231,231,
231,231,231,231,231,231,231,231,231,231,231,231,231,231,231,231,231,231,231,231,231,231,228,220,220,185,74,231,231,231,231,231,231,231,231,231,231,231,231,231,231,231,231,231,231,228,220,220,230,231,195,39,39,39,39,39,39,39,39,39,39,39,39,39,39,39,39,39,39,39,39,39,39,117,231,231,231,231,231,231,231,231,231,231,231,231,231,231,231,231,231,231,231,231,231,231,231,231,231,231,
231,231,231,231,231,231,231,231,231,231,231,231,231,231,231,231,231,231,231,231,231,231,231,228,220,220,220,116,231,231,231,231,231,231,231,231,231,231,231,231,231,231,231,231,229,220,220,228,231,231,153,39,39,39,39,39,39,39,39,39,39,39,39,39,39,39,39,39,39,39,39,39,39,39,195,231,231,231,231,231,231,231,231,231,231,231,231,231,231,231,231,231,231,231,231,231,231,231,231,231,
231,231,231,231,231,231,231,231,231,231,231,231,231,231,231,231,231,231,231,231,231,231,231,231,228,220,220,220,186,231,231,231,231,231,231,231,231,231,231,231,231,231,231,229,220,220,221,231,231,231,153,39,39,39,39,39,39,39,39,39,39,39,39,39,39,39,39,39,39,39,39,39,39,39,117,231,231,231,231,231,231,231,231,231,231,231,231,231,231,231,231,231,231,231,231,231,231,231,231,231,
231,231,231,231,231,231,231,231,231,231,231,231,231,231,231,231,231,231,231,231,231,231,231,231,231,229,220,220,220,220,229,231,231,231,231,231,231,231,231,231,231,230,227,220,220,221,231,231,231,231,117,39,39,39,39,39,39,39,39,39,39,39,39,39,39,39,39,39,39,39,39,39,39,39,195,231,231,231,231,231,231,231,231,231,231,231,231,231,231,231,231,231,231,231,231,231,231,231,231,231,
231,231,231,231,231,231,231,231,231,231,231,231,231,231,231,231,231,231,231,231,231,231,231,231,231,231,230,221,220,220,220,220,228,230,231,231,231,231,231,229,227,220,220,220,227,231,231,231,231,231,75,39,39,39,39,39,39,39,39,39,39,39,39,39,39,39,39,39,39,39,39,39,39,195,231,231,231,231,231,231,231,231,231,231,231,231,231,231,231,231,231,231,231,231,231,231,231,231,231,231,
231,231,231,231,231,231,231,231,231,231,231,231,231,231,231,231,231,231,231,231,231,231,231,231,231,231,231,231,187,221,220,220,220,220,220,220,220,220,220,220,220,220,220,229,231,231,231,231,231,231,39,39,39,39,39,39,39,39,39,39,39,39,39,39,39,39,39,39,39,39,39,75,231,231,231,231,231,231,231,231,231,231,231,231,231,231,231,231,231,231,231,231,231,231,231,231,231,231,231,231,
231,231,231,231,231,231,231,231,231,231,231,231,231,231,231,231,231,231,231,231,231,231,231,231,231,231,231,231,231,153,109,185,220,220,220,220,220,220,220,220,227,229,231,231,231,231,231,231,231,195,39,39,39,39,39,39,39,39,39,39,39,39,39,39,39,39,39,39,39,39,153,231,231,231,231,231,231,231,231,231,231,231,231,231,231,231,231,231,231,231,231,231,231,231,231,231,231,231,231,231,
231,231,231,231,231,231,231,231,231,231,231,231,231,231,231,231,231,231,231,231,231,231,231,231,231,231,231,231,231,231,195,117,39,74,109,151,151,109,152,194,231,231,231,231,231,231,231,231,231,153,39,39,39,39,39,39,39,39,39,39,39,39,39,39,39,39,39,39,117,231,231,231,231,231,231,231,231,231,231,231,231,231,231,231,231,231,231,231,231,231,231,231,231,231,231,231,231,231,231,231,
231,231,231,231,231,231,231,231,231,231,231,231,231,231,231,231,231,231,231,231,231,231,231,231,231,231,231,231,231,231,231,231,195,75,39,39,39,39,39,39,39,39,75,75,75,39,75,231,231,75,39,39,39,39,39,39,39,39,39,39,39,39,39,39,39,39,75,195,231,231,231,231,231,231,231,231,231,231,231,231,231,231,231,231,231,231,231,231,231,231,231,231,231,231,231,231,231,231,231,231,
231,231,231,231,231,231,231,231,231,231,231,231,231,231,231,231,231,231,231,231,231,231,231,231,231,231,231,231,231,231,231,231,231,231,195,117,39,39,39,39,39,39,39,39,39,39,39,231,231,39,39,39,39,39,39,39,39,39,39,39,39,39,39,39,117,231,231,231,231,231,231,231,231,231,231,231,231,231,231,231,231,231,231,231,231,231,231,231,231,231,231,231,231,231,231,231,231,231,231,231,
231,231,231,231,231,231,231,231,231,231,231,231,231,231,231,231,231,231,231,231,231,231,231,231,231,231,231,231,231,231,231,231,231,231,231,231,231,153,75,39,39,39,39,39,39,39,153,231,153,39,39,39,39,39,39,39,39,39,39,39,39,75,153,231,231,231,231,231,231,231,231,231,231,231,231,231,231,231,231,231,231,231,231,231,231,231,231,231,231,231,231,231,231,231,231,231,231,231,231,231,
231,231,231,231,231,231,231,231,231,231,231,231,231,231,231,231,231,231,231,231,231,231,231,231,231,231,231,231,231,231,231,231,231,231,231,231,231,231,231,231,189,117,75,39,39,75,231,231,153,39,39,39,39,39,39,39,39,75,117,195,231,231,231,231,231,231,231,231,231,231,231,231,231,231,231,231,231,231,231,231,231,231,231,231,231,231,231,231,231,231,231,231,231,231,231,231,231,231,231,231,
231,231,231,231,231,231,231,231,231,231,231,231,231,231,231,231,231,231,231,231,231,231,231,231,231,231,231,231,231,231,231,231,231,231,231,231,231,231,231,231,231,231,231,231,231,231,231,231,231,153,117,117,153,153,195,231,231,231,231,231,231,231,231,231,231,231,231,231,231,231,231,231,231,231,231,231,231,231,231,231,231,231,231,231,231,231,231,231,231,231,231,231,231,231,231,231,231,231,231,231,
231,231,231,231,231,231,231,231,231,231,231,231,231,231,231,231,231,231,231,231,231,231,231,231,231,231,231,231,231,231,231,231,231,231,231,231,231,231,231,231,231,231,231,231,231,231,231,231,231,231,231,231,231,231,231,231,231,231,231,231,231,231,231,231,231,231,231,231,231,231,231,231,231,231,231,231,231,231,231,231,231,231,231,231,231,231,231,231,231,231,231,231,231,231,231,231,231,231,231,231,
231,231,231,231,231,231,231,231,231,231,231,231,231,231,231,231,231,231,231,231,231,231,231,231,231,231,231,231,231,231,231,231,231,231,231,231,231,231,231,231,231,231,231,231,231,231,231,231,231,231,231,231,231,231,231,231,231,231,231,231,231,231,231,231,231,231,231,231,231,231,231,231,231,231,231,231,231,231,231,231,231,231,231,231,231,231,231,231,231,231,231,231,231,231,231,231,231,231,231,231,
231,231,231,231,231,231,231,231,231,231,231,231,231,231,231,231,231,231,231,231,231,231,231,231,231,231,231,231,231,231,231,231,231,231,231,231,231,231,231,231,231,231,231,231,231,231,231,231,231,231,231,231,231,231,231,231,231,231,231,231,231,231,231,231,231,231,231,231,231,231,231,231,231,231,231,231,231,231,231,231,231,231,231,231,231,231,231,231,231,231,231,231,231,231,231,231,231,231,231,231,
231,231,231,231,231,231,231,231,231,231,231,231,231,231,231,231,231,231,231,231,231,231,231,231,231,231,231,231,231,231,231,231,231,231,231,231,231,231,231,231,231,231,231,231,231,231,231,231,231,231,231,231,231,231,231,231,231,231,231,231,231,231,231,231,231,231,231,231,231,231,231,231,231,231,231,231,231,231,231,231,231,231,231,231,231,231,231,231,231,231,231,231,231,231,231,231,231,231,231,231,
231,231,231,231,231,231,231,231,231,231,231,231,231,231,231,231,231,231,231,231,231,231,231,231,231,231,231,231,231,231,231,231,231,231,231,231,231,231,231,231,231,231,231,231,231,231,231,231,231,231,231,231,231,231,231,231,231,231,231,231,231,231,231,231,231,231,231,231,231,231,231,231,231,231,231,231,231,231,231,231,231,231,231,231,231,231,231,231,231,231,231,231,231,231,231,231,231,231,231,231,
231,231,231,231,231,231,231,231,231,231,231,231,231,231,231,231,231,231,231,231,231,231,231,231,231,231,231,231,231,231,231,231,231,231,231,231,231,231,231,231,231,231,231,231,231,231,231,231,231,231,231,231,231,231,231,231,231,231,231,231,231,231,231,231,231,231,231,231,231,231,231,231,231,231,231,231,231,231,231,231,231,231,231,231,231,231,231,231,231,231,231,231,231,231,231,231,231,231,231,231,
231,231,231,231,231,231,231,231,231,231,231,231,231,231,231,231,231,231,231,231,231,231,231,231,231,231,231,231,231,231,231,231,231,231,231,231,231,231,231,231,231,231,231,231,231,231,231,231,231,231,231,231,231,231,231,231,231,231,231,231,231,231,231,231,231,231,231,231,231,231,231,231,231,231,231,231,231,231,231,231,231,231,231,231,231,231,231,231,231,231,231,231,231,231,231,231,231,231,231,231,
231,231,231,231,231,231,231,231,231,231,231,231,231,231,231,231,231,231,231,231,231,231,231,231,231,231,231,231,231,231,231,231,231,231,231,231,231,231,231,231,231,231,231,231,231,231,231,231,231,231,231,231,231,231,231,231,231,231,231,231,231,231,231,231,231,231,231,231,231,231,231,231,231,231,231,231,231,231,231,231,231,231,231,231,231,231,231,231,231,231,231,231,231,231,231,231,231,231,231,231,
231,231,231,231,231,231,231,231,231,231,231,231,231,231,231,231,231,231,231,231,231,231,231,231,231,231,231,231,231,231,231,231,231,231,231,231,231,231,231,231,231,231,231,231,231,231,231,231,231,231,231,231,231,231,231,231,231,231,231,231,231,231,231,231,231,231,231,231,231,231,231,231,231,231,231,231,231,231,231,231,231,231,231,231,231,231,231,231,231,231,231,231,231,231,231,231,231,231,231,231,
231,231,231,231,231,231,231,231,231,231,231,231,231,231,231,231,231,231,231,231,231,231,231,231,231,231,231,231,231,231,231,231,231,231,231,231,231,231,231,231,231,231,231,231,231,231,231,231,231,231,231,231,231,231,231,231,231,231,231,231,231,231,231,231,231,231,231,231,231,231,231,231,231,231,231,231,231,231,231,231,231,231,231,231,231,231,231,231,231,231,231,231,231,231,231,231,231,231,231,231,
231,231,231,231,231,231,231,231,231,231,231,231,231,231,231,231,231,231,231,231,231,231,231,231,231,231,231,231,231,231,231,231,231,231,231,231,231,231,231,231,231,231,231,231,231,231,231,231,231,231,231,231,231,231,231,231,231,231,231,231,231,231,231,231,231,231,231,231,231,231,231,231,231,231,231,231,231,231,231,231,231,231,231,231,231,231,231,231,231,231,231,231,231,231,231,231,231,231,231,231,
231,231,231,231,231,231,231,231,231,231,231,231,231,231,231,231,231,231,231,231,231,231,231,231,231,231,231,231,231,231,231,231,231,231,231,231,231,231,231,231,231,231,231,231,231,231,231,231,231,231,231,231,231,231,231,231,231,231,231,231,231,231,231,231,231,231,231,231,231,231,231,231,231,231,231,231,231,231,231,231,231,231,231,231,231,231,231,231,231,231,231,231,231,231,231,231,231,231,231,231,
