x=100 y=101
145,182,146,182,146,146,146,146,146,146,146,146,146,146,146,146,146,146,146,146,146,146,146,146,146,146,146,146,146,146,146,146,146,146,146,146,146,145,145,145,145,145,145,145,145,145,145,145,145,145,145,145,145,145,145,145,145,145,145,145,145,145,145,145,145,145,145,145,145,145,145,145,145,145,145,145,145,145,145,145,145,145,145,145,145,145,145,145,145,145,145,145,145,145,145,145,145,145,145,145,
146,146,146,146,146,146,146,146,146,146,146,146,146,146,146,146,146,146,146,146,146,146,146,146,146,146,146,146,146,146,146,146,146,146,146,146,146,145,145,145,145,145,145,145,145,145,145,145,145,145,145,145,145,145,145,145,145,145,145,145,145,145,145,145,145,145,145,145,145,145,145,145,145,145,145,145,145,145,145,145,145,145,145,145,145,145,145,145,145,145,145,145,145,145,145,145,145,145,145,145,
182,182,182,182,182,182,182,182,146,146,182,182,146,146,146,146,146,146,146,146,146,146,146,146,146,146,146,146,146,146,146,146,146,146,146,146,146,146,146,146,146,146,146,146,145,145,146,145,145,145,145,145,145,145,145,145,145,145,145,145,145,145,145,145,145,145,145,145,145,145,145,145,145,145,145,145,145,145,145,145,145,145,145,145,145,145,145,145,145,145,145,145,145,145,145,145,145,145,145,145,
182,182,182,182,182,182,182,182,182,182,182,182,182,146,146,146,146,146,146,146,146,146,146,146,146,146,146,146,146,146,146,146,146,146,146,146,146,146,146,146,146,146,146,146,146,146,146,146,146,146,146,146,145,145,145,145,145,145,145,145,145,145,145,145,145,145,145,145,145,145,145,145,145,145,145,145,145,145,145,145,145,145,145,145,145,145,145,145,145,145,145,145,145,145,145,145,145,145,145,145,
182,182,182,182,182,182,182,182,182,182,182,182,182,182,182,182,182,182,182,182,182,182,182,182,182,146,146,146,146,146,146,146,146,146,146,146,146,146,146,146,146,146,146,146,146,146,146,146,146,146,146,146,146,146,146,146,146,146,146,146,145,145,145,145,145,145,145,145,145,145,145,145,145,145,145,145,145,145,145,145,145,145,145,145,145,145,145,145,145,145,145,145,145,145,145,145,145,145,145,145,
188,188,188,188,188,188,188,188,188,188,188,188,182,182,188,188,188,182,182,182,182,182,182,182,182,182,182,182,146,146,146,146,146,146,146,146,146,146,146,146,146,146,146,146,146,146,146,146,146,146,146,146,146,146,146,146,146,146,146,146,146,146,146,146,146,146,146,146,146,146,146,146,146,146,146,145,145,145,145,145,145,145,145,145,145,145,145,145,145,145,145,145,146,188,188,188,145,145,145,145,
188,188,188,188,188,188,188,188,188,188,188,188,188,188,188,188,188,188,188,188,188,188,188,188,188,188,188,188,182,182,182,182,182,146,146,146,146,146,146,146,146,146,146,146,146,146,146,146,146,146,146,146,146,146,146,146,146,146,146,146,146,146,146,146,146,146,146,146,146,146,146,146,146,146,146,146,146,146,146,146,145,146,146,145,145,146,145,145,145,145,145,145,145,188,188,145,145,145,145,145,
188,188,188,188,188,188,188,188,188,188,188,188,188,188,188,188,188,188,188,188,188,188,188,188,188,188,188,188,188,182,188,182,188,182,182,182,182,182,182,182,146,146,146,146,146,146,146,146,146,146,146,146,146,146,146,146,146,146,146,146,146,146,146,146,146,146,146,146,146,146,146,146,146,146,146,146,146,146,146,146,146,146,146,146,146,146,146,146,146,146,146,146,188,188,188,188,145,145,145,145,
188,188,188,188,188,188,188,188,188,188,188,188,188,188,188,188,188,188,188,188,188,188,188,188,188,188,188,188,188,188,188,188,188,188,188,188,188,188,188,188,182,182,182,182,182,182,182,182,182,182,146,146,146,146,146,146,146,146,146,146,146,146,146,146,146,146,146,146,146,146,146,146,146,146,146,146,146,146,146,146,146,146,146,146,146,146,146,146,146,146,146,146,146,146,146,146,146,145,145,145,
188,188,188,188,188,188,188,188,188,188,188,188,188,188,188,188,188,188,188,188,188,188,188,188,188,188,188,188,188,188,188,188,188,188,188,188,188,188,188,188,188,188,188,188,188,188,188,188,188,188,188,188,182,182,182,182,182,182,182,182,182,182,182,146,146,146,146,146,146,146,146,146,146,146,146,146,146,146,146,146,146,146,146,146,146,146,146,146,146,146,146,146,146,146,146,146,146,146,146,146,
188,188,188,188,188,188,188,188,188,188,188,188,188,188,188,188,188,188,188,188,188,188,188,188,188,188,188,188,188,188,188,188,188,188,188,188,188,188,188,188,188,188,188,188,188,188,188,188,188,188,188,188,188,188,188,188,188,188,188,188,188,182,182,182,182,182,182,182,182,182,182,182,182,146,146,146,146,146,146,146,146,146,146,146,146,146,146,146,146,146,146,146,146,146,146,146,146,146,146,146,
188,188,188,188,188,188,188,188,188,188,188,188,188,188,188,188,188,188,188,188,188,188,188,188,188,188,188,188,188,188,188,188,188,188,188,188,188,188,188,188,188,188,188,188,188,188,188,188,188,188,188,188,188,188,188,188,188,188,188,188,188,188,188,188,188,188,188,188,188,188,188,188,188,188,188,188,188,188,188,188,182,188,188,182,182,182,182,182,182,146,146,146,146,182,182,146,146,188,182,188,
188,188,188,188,188,188,188,188,188,188,188,188,188,188,188,188,188,188,188,188,188,188,188,188,188,188,188,188,188,188,188,188,188,188,188,188,188,188,188,188,188,188,188,188,188,188,188,188,188,188,188,188,188,188,188,188,188,188,188,188,188,188,188,188,188,188,188,188,188,188,188,188,188,188,188,188,188,188,188,188,188,188,188,188,188,188,188,188,188,188,188,188,188,188,188,188,188,188,188,188,
188,188,188,188,188,188,188,188,188,188,188,188,188,188,188,188,188,188,188,188,188,188,188,188,188,188,188,188,188,188,188,188,188,188,188,188,188,188,188,188,188,188,188,188,188,188,188,188,188,188,188,188,188,188,188,188,188,188,188,188,188,188,188,188,188,188,188,188,188,188,188,188,188,188,188,188,188,188,188,188,188,188,188,188,188,188,188,188,188,188,188,188,188,188,188,188,188,188,188,188,
188,188,188,188,188,188,188,188,188,188,188,188,188,188,188,188,188,188,188,188,188,188,188,188,188,188,188,188,188,188,188,188,188,188,188,188,188,188,188,188,188,188,188,188,188,188,188,188,188,188,188,188,188,188,188,188,188,188,188,188,188,188,188,188,188,188,188,188,188,188,188,188,188,188,188,188,188,188,188,188,188,188,188,188,188,188,188,188,188,188,188,188,188,188,188,188,188,188,188,188,
188,188,188,188,188,188,188,188,188,188,188,188,188,188,188,188,188,188,188,188,188,188,188,188,188,188,188,188,188,188,188,188,188,188,188,188,188,188,188,188,188,188,188,188,188,188,188,188,188,188,188,188,188,188,188,188,188,188,188,188,188,188,188,188,188,188,188,188,188,188,188,188,188,188,188,188,188,188,188,188,188,188,188,188,188,188,188,188,188,188,188,188,188,188,188,188,188,188,188,188,
188,188,188,188,188,188,188,188,188,188,188,188,188,188,188,188,188,188,188,188,188,188,188,188,188,188,188,188,188,188,188,188,188,188,188,188,188,188,188,188,188,188,188,188,188,188,188,188,188,188,188,188,188,188,188,188,188,188,188,188,188,188,188,188,188,188,188,188,188,188,188,188,188,188,188,188,188,188,188,188,188,188,188,188,188,188,188,188,188,188,188,188,188,188,188,188,188,188,188,188,
188,188,188,188,188,188,188,188,188,188,188,188,188,188,188,188,188,188,188,188,188,188,188,188,188,188,188,188,188,188,188,188,188,188,188,188,188,188,188,188,188,188,188,188,188,188,188,188,188,188,188,188,188,188,188,188,188,188,188,188,188,188,188,188,188,188,188,188,188,188,188,188,188,188,188,188,188,188,188,188,188,188,188,188,188,188,188,188,188,188,188,188,188,188,188,188,188,188,188,188,
188,188,188,188,188,188,188,188,188,188,188,188,188,188,188,188,188,188,188,188,188,188,188,188,188,188,188,188,188,188,188,188,188,188,188,188,188,188,188,188,188,188,188,188,188,188,188,188,188,188,188,188,188,188,188,188,188,188,188,188,188,188,188,188,188,188,188,188,188,188,188,188,188,188,188,188,188,188,188,188,188,188,188,188,188,188,188,188,188,188,188,188,188,188,188,188,188,188,188,188,
188,188,188,188,188,188,188,188,188,188,188,188,188,188,188,188,188,188,188,188,188,188,188,188,188,188,188,188,188,188,188,188,188,188,188,188,188,188,188,188,188,188,188,188,188,188,188,188,188,188,188,188,188,188,188,188,188,188,188,188,188,188,188,188,188,188,188,188,188,188,188,188,188,188,188,188,188,188,188,188,188,188,188,188,188,188,188,188,188,188,188,188,188,188,188,188,188,188,188,188,
188,188,188,188,188,188,188,188,188,188,188,188,188,188,188,188,188,188,188,188,188,188,188,188,188,188,188,188,188,188,188,188,188,188,188,188,188,188,188,188,188,188,188,188,188,188,188,188,188,188,188,188,188,188,188,188,188,188,188,188,188,188,188,188,188,188,188,188,188,188,188,188,188,188,188,188,188,188,188,188,188,188,188,188,188,188,188,188,188,188,188,188,188,188,188,188,188,188,188,188,
188,188,188,188,188,188,188,188,188,188,188,188,188,188,188,188,188,188,188,188,188,188,188,188,188,188,188,188,188,188,188,188,188,188,188,188,188,188,188,188,188,188,188,188,188,188,188,188,188,188,188,188,188,188,188,188,188,188,188,188,188,188,188,188,188,188,188,188,188,188,188,188,188,188,188,188,188,188,188,188,188,188,188,188,188,188,188,188,188,188,188,188,188,188,188,188,188,188,188,188,
224,224,224,224,224,188,188,188,188,188,188,188,188,188,188,188,188,188,188,188,188,188,188,188,188,188,188,188,188,188,188,188,188,188,188,188,188,188,188,188,188,188,188,188,188,188,188,188,188,188,188,188,188,188,188,188,188,188,188,188,188,188,188,188,188,188,188,188,188,188,188,188,188,188,188,188,188,188,188,188,188,188,188,188,188,188,188,188,188,188,188,188,188,188,188,188,188,188,188,188,
224,224,224,224,224,224,224,224,188,188,224,188,188,188,188,188,188,188,188,188,188,188,188,188,188,188,188,188,188,188,188,188,188,188,188,188,188,188,188,188,188,188,188,188,188,188,188,188,188,188,188,188,188,188,188,188,188,188,188,188,188,188,188,188,188,188,188,188,188,188,188,188,188,188,188,188,188,188,188,188,188,188,188,188,188,188,188,188,188,188,188,188,188,188,188,188,188,188,188,188,
224,224,224,224,224,224,224,224,224,224,224,224,224,224,224,224,224,188,224,188,188,188,188,188,188,188,188,188,188,188,188,188,188,188,188,188,188,188,188,188,188,188,188,188,188,188,188,188,188,188,188,188,188,188,188,188,188,188,188,188,188,188,188,188,188,188,188,188,188,188,188,188,188,188,188,188,188,188,188,188,188,188,188,188,188,188,188,188,188,188,188,188,188,188,188,188,188,188,188,188,
224,224,224,224,224,224,224,224,224,224,224,224,224,224,224,224,224,224,224,224,224,224,224,224,224,224,224,188,224,188,188,188,224,188,224,224,188,188,188,188,188,188,188,188,188,188,188,188,188,188,188,188,188,188,188,188,188,188,188,188,188,188,188,188,188,188,188,188,188,188,188,188,188,188,188,188,188,188,188,188,188,188,188,188,188,188,188,188,188,188,188,188,188,188,188,188,188,188,188,188,
224,224,224,224,224,224,224,224,224,224,224,224,224,224,224,224,224,224,224,224,224,224,224,224,224,224,224,224,224,224,224,224,224,224,224,224,224,224,224,224,224,224,188,188,188,188,188,188,188,188,188,188,188,188,188,188,188,188,188,188,188,188,188,188,188,188,188,188,188,188,188,188,188,188,188,188,188,188,188,188,188,188,188,188,188,188,188,188,188,188,188,188,188,188,188,188,188,188,188,188,
224,224,224,224,224,224,224,224,224,224,224,224,224,224,224,224,224,224,224,224,224,224,224,224,224,224,224,224,224,224,224,224,224,224,224,224,224,224,224,224,224,224,224,224,224,224,224,224,224,188,188,188,188,188,188,188,188,188,188,188,188,188,188,188,188,188,188,188,188,188,188,188,188,188,188,188,188,188,188,188,188,188,188,188,188,188,188,188,188,188,188,188,188,188,188,188,188,188,188,188,
224,224,224,224,224,224,224,224,224,224,224,224,224,224,224,224,224,224,224,224,224,224,224,224,224,224,224,224,224,224,224,224,224,224,224,224,224,224,224,224,224,224,224,224,224,224,224,224,224,224,224,224,224,188,188,188,188,188,188,188,188,188,188,188,188,188,188,188,188,188,224,224,224,188,224,188,188,224,188,224,188,224,224,224,224,224,224,224,224,224,224,224,224,224,224,224,224,224,224,224,
224,224,224,224,224,224,224,224,224,224,224,224,224,224,224,224,224,224,224,224,224,224,224,224,224,224,224,224,224,224,224,224,224,224,224,224,224,224,224,224,224,224,224,224,224,224,224,224,224,224,224,224,224,224,224,224,224,224,224,224,224,224,224,224,224,224,224,224,224,224,224,224,224,224,224,224,224,224,224,224,224,224,224,224,224,224,224,224,224,224,224,224,224,224,224,224,224,224,224,224,
224,224,224,224,224,224,224,224,224,224,224,224,224,224,224,224,224,224,224,224,224,224,224,224,224,224,224,224,224,224,224,224,224,224,224,224,224,224,224,224,224,224,224,224,224,224,224,224,224,224,224,224,224,224,224,224,224,224,224,224,224,224,224,224,224,224,224,224,224,224,224,224,224,224,224,224,224,224,224,224,224,224,224,224,224,224,224,224,224,224,224,224,224,224,224,224,224,224,224,224,
188,188,188,224,224,224,224,224,224,224,224,224,224,224,224,224,224,224,224,224,224,224,224,224,224,224,224,224,224,224,224,224,224,224,224,224,224,224,224,224,224,224,224,224,224,224,224,224,224,224,224,224,224,224,224,224,224,224,224,224,224,224,224,224,224,224,224,224,224,224,224,224,224,224,224,224,224,224,224,224,224,224,224,224,224,224,224,224,224,224,224,224,224,224,224,224,224,224,224,230,
188,188,188,188,188,188,188,188,224,224,224,224,224,224,224,224,224,224,224,224,224,224,224,224,224,224,224,224,224,224,224,224,224,224,224,224,224,224,224,224,224,224,224,224,224,224,224,224,224,224,224,224,224,224,224,224,224,224,224,224,224,224,224,224,224,224,224,224,224,224,224,224,224,224,224,224,224,224,224,224,224,224,224,224,224,224,224,224,224,224,224,230,230,230,230,230,230,230,230,230,
188,188,188,188,188,188,188,188,188,188,188,188,188,224,224,224,224,224,224,224,224,224,224,224,224,224,224,224,224,224,224,224,224,224,224,224,224,224,224,224,224,224,224,224,224,224,224,224,224,224,224,224,224,224,224,224,224,224,224,224,224,224,224,224,224,224,224,224,224,224,224,224,224,224,224,224,224,224,224,224,224,224,224,224,224,224,224,224,224,224,230,230,230,230,224,224,224,230,230,230,
188,188,188,188,188,188,188,188,188,188,188,188,188,188,188,188,188,224,224,224,224,224,224,224,224,224,224,224,224,224,224,224,224,224,224,224,224,224,224,224,224,224,224,224,224,224,224,224,224,224,224,224,224,224,224,224,224,224,224,224,224,224,224,224,224,224,224,224,224,224,224,224,224,224,224,224,224,224,224,224,224,224,224,224,224,224,224,230,230,230,230,230,230,188,187,188,188,224,224,230,
188,188,188,188,188,188,188,188,188,188,188,188,188,188,188,188,188,188,188,188,188,188,224,224,224,224,224,224,224,224,224,224,224,224,224,224,224,224,224,224,224,224,224,224,224,224,224,224,224,224,224,224,224,224,224,224,224,224,224,224,224,224,224,224,224,224,224,224,224,224,224,224,224,224,224,224,224,224,224,224,224,224,224,230,230,230,230,230,230,230,230,230,224,181,187,187,187,187,188,188,
187,187,188,188,188,188,188,188,188,188,188,188,188,188,188,188,188,188,188,188,188,188,188,188,188,224,224,224,224,224,224,224,224,224,224,224,224,224,224,224,224,224,224,224,224,224,224,224,224,224,224,224,224,224,224,224,224,224,224,224,224,224,224,224,224,224,224,224,224,224,224,224,224,224,224,224,224,224,224,224,224,224,230,230,230,230,230,230,230,230,230,224,181,145,145,181,181,181,145,181,
187,187,187,187,187,187,187,187,187,187,188,188,188,188,188,188,188,188,188,188,188,188,188,188,188,188,188,188,188,224,224,224,224,224,224,224,224,224,224,224,224,224,224,224,224,224,224,224,224,224,224,224,224,224,224,224,224,224,224,224,224,224,224,224,224,224,224,224,224,224,224,224,224,224,224,224,224,224,224,224,224,230,230,230,230,230,230,230,230,230,230,188,145,145,145,145,145,145,187,187,
181,181,181,181,181,181,181,181,187,187,187,187,187,187,187,187,188,188,188,188,188,188,188,188,188,188,188,188,188,188,224,224,224,224,224,224,224,224,224,224,224,224,224,224,224,224,224,224,224,224,224,224,224,224,224,224,224,224,224,224,224,224,224,224,224,224,224,224,224,224,224,224,224,224,224,224,224,224,224,224,224,230,230,230,230,230,230,224,224,230,230,230,224,224,181,145,181,187,224,230,
181,181,181,181,181,181,181,181,181,181,181,181,181,187,187,187,187,187,187,187,187,188,188,187,187,188,188,188,188,188,188,188,188,188,224,224,224,224,224,224,224,224,224,224,224,224,224,224,224,224,224,224,224,224,224,224,224,224,224,224,224,224,224,224,224,224,224,224,224,224,224,224,224,224,224,224,224,224,224,224,224,224,224,230,230,230,230,224,224,230,230,230,230,224,224,224,224,230,230,230,
181,181,181,181,181,181,181,181,181,181,181,181,181,181,181,181,181,181,181,187,187,187,187,187,187,187,187,187,187,188,188,188,188,188,188,188,188,188,188,224,224,224,224,224,224,224,224,224,224,224,224,224,224,224,224,224,224,224,224,224,224,224,224,224,224,224,224,224,224,224,224,224,224,224,224,224,224,224,224,224,224,224,224,224,224,224,230,224,224,230,230,224,187,181,145,181,187,224,230,230,
145,145,145,181,181,181,181,181,181,181,181,181,181,181,181,181,181,181,181,181,181,181,181,181,181,181,187,187,187,187,187,187,187,187,187,187,188,187,187,188,187,188,188,224,224,224,224,224,224,224,224,224,224,224,224,224,224,224,224,224,224,224,224,224,224,224,188,187,188,187,188,224,224,224,224,224,224,224,224,224,224,224,224,224,224,224,224,224,224,224,224,187,145,145,181,187,187,224,230,230,
145,145,145,145,145,145,145,145,145,145,145,145,181,181,181,181,181,181,181,181,181,181,181,181,181,181,181,181,181,181,181,181,187,187,187,187,187,187,187,187,187,187,187,187,187,187,187,187,187,188,188,188,223,224,224,224,224,188,187,187,181,187,187,187,187,181,181,145,181,187,187,223,224,224,224,224,224,224,224,224,224,224,224,187,187,224,224,224,224,224,224,223,224,224,224,224,224,230,230,230,
145,145,145,145,145,145,145,145,145,145,145,145,145,145,145,145,145,145,145,181,181,181,181,181,181,181,181,181,181,181,181,181,181,181,181,181,181,181,181,187,187,187,187,187,187,187,187,187,181,187,188,187,187,187,187,187,181,181,145,145,145,145,187,187,187,187,181,145,181,181,181,187,187,224,224,223,223,224,223,223,187,223,187,187,223,224,224,224,224,224,224,224,224,224,224,224,224,224,224,224,
145,145,145,145,145,145,145,145,145,145,145,145,145,145,145,145,145,145,145,145,145,145,145,145,145,145,145,181,181,181,181,181,181,181,181,181,181,181,181,181,181,181,181,181,181,181,181,181,145,145,145,181,187,181,181,145,145,181,145,145,145,181,181,145,181,187,145,145,145,181,181,187,187,223,223,223,223,223,223,223,187,187,187,187,223,223,223,223,223,224,224,224,224,224,224,224,224,223,187,187,
145,145,145,145,145,145,145,145,145,145,145,145,145,145,145,145,145,145,145,145,145,145,145,145,145,145,145,145,145,145,145,145,145,145,145,145,181,181,181,181,181,145,145,181,181,181,181,145,145,145,145,181,181,145,145,139,145,145,145,145,145,145,145,181,181,181,187,187,181,187,187,187,223,223,223,223,223,223,187,145,145,145,181,181,181,223,223,223,223,223,223,223,223,223,223,223,223,223,223,223,
145,145,145,145,145,145,145,145,145,145,145,145,145,145,145,145,145,145,145,145,145,145,145,145,145,145,145,145,145,145,145,145,145,145,145,145,145,145,145,145,145,145,145,145,145,145,145,145,145,145,145,145,145,181,181,181,181,181,181,145,145,145,145,181,181,181,145,145,181,181,181,187,187,187,187,187,187,187,187,187,187,187,187,223,223,223,223,223,223,223,223,223,223,223,223,223,223,223,223,223,
145,145,145,145,145,145,145,145,145,145,145,145,145,145,145,145,145,145,145,145,145,145,145,145,145,145,145,145,145,145,145,145,145,145,145,145,145,145,145,145,145,145,145,145,145,145,145,145,145,145,145,145,145,145,145,181,181,181,181,181,181,181,181,181,181,181,145,181,181,181,181,181,181,181,181,181,187,187,187,187,181,187,187,187,187,187,187,223,223,223,223,187,187,181,187,187,145,181,187,181,
145,145,145,145,145,145,145,145,145,145,145,145,145,145,145,145,145,145,145,145,145,145,145,145,145,145,145,145,145,145,145,145,145,145,145,145,145,145,145,145,145,145,145,145,145,145,145,145,145,145,145,145,145,145,145,145,145,145,145,145,145,145,145,145,145,181,181,181,181,181,181,181,181,181,181,181,145,181,181,145,145,145,145,145,145,145,181,181,181,181,181,145,145,145,145,145,145,145,145,145,
145,145,145,145,145,145,145,145,145,145,145,145,145,145,145,145,145,145,145,145,145,145,145,145,145,145,145,145,145,145,145,145,145,145,145,145,145,145,145,145,145,145,145,145,145,145,145,145,145,145,145,145,145,145,145,145,145,145,145,145,145,145,145,145,145,145,145,145,145,145,145,145,145,145,145,145,145,145,145,145,145,145,145,145,145,145,145,145,145,145,145,145,145,145,139,145,145,145,103,103,
109,109,109,109,109,109,109,109,109,109,109,109,109,109,109,109,109,109,109,109,109,109,109,109,109,145,145,145,109,145,145,145,145,145,145,145,145,145,145,145,145,145,145,145,145,145,145,145,145,145,145,145,145,145,145,145,145,145,145,145,145,145,145,145,145,145,145,145,145,145,145,145,145,145,145,145,145,145,145,109,103,103,103,103,109,109,103,103,103,103,103,103,103,103,103,103,103,103,102,102,
102,102,102,102,102,102,102,102,102,102,102,102,102,102,102,103,103,103,103,103,103,103,103,103,103,103,103,103,103,103,103,103,109,109,109,109,109,109,109,145,109,109,109,109,145,145,109,145,145,145,109,103,102,102,66,66,102,103,109,109,103,103,103,103,103,103,103,103,103,103,103,103,103,103,103,103,103,103,103,103,103,103,103,102,102,102,102,102,102,102,102,102,102,102,102,102,102,102,102,102,
59,59,59,59,59,59,17,17,17,17,17,17,17,17,17,59,59,59,59,59,59,59,59,59,59,59,59,59,59,59,59,59,59,59,59,59,59,59,59,59,59,59,59,59,59,59,59,59,59,59,59,59,59,59,59,59,59,59,59,59,59,59,59,59,59,59,59,59,60,60,60,60,60,60,66,66,66,60,60,60,66,66,66,60,60,60,60,60,60,60,66,102,102,102,102,102,102,102,102,102,
59,59,59,59,59,59,59,59,59,59,59,59,59,59,59,59,59,59,59,59,59,59,59,59,59,59,59,59,59,59,59,59,59,59,59,59,59,59,59,59,59,59,59,59,59,59,59,59,59,59,59,59,59,59,59,59,59,59,59,59,59,59,59,59,59,59,59,23,59,59,59,59,59,23,59,59,59,59,59,59,59,59,59,59,23,23,17,17,17,17,17,17,17,17,17,23,59,59,59,59,
59,59,59,59,59,59,59,59,59,59,59,59,59,59,59,59,59,59,59,59,59,59,59,59,59,59,59,59,59,59,59,59,59,59,59,59,59,59,59,59,59,59,59,59,59,59,59,59,59,59,59,59,59,59,59,59,59,59,59,59,59,59,59,59,59,59,59,59,59,59,59,59,59,59,59,59,59,59,59,59,59,59,59,59,59,59,59,59,59,59,59,59,59,59,59,59,23,59,59,59,
59,59,59,59,59,59,59,59,59,59,59,59,59,59,59,59,59,59,59,59,59,59,59,59,59,59,59,59,59,60,59,59,59,59,59,59,59,59,59,59,59,59,59,59,96,59,59,59,59,59,59,59,59,102,59,59,59,59,59,59,59,59,59,59,59,59,59,102,102,102,102,102,102,102,102,102,102,102,102,102,102,102,102,102,102,102,102,102,96,102,95,59,59,59,59,59,59,59,59,59,
59,59,59,59,59,59,59,59,59,59,59,59,59,59,59,59,59,59,59,59,59,59,59,59,59,59,59,59,59,59,59,59,59,59,59,59,59,59,59,59,59,59,59,59,59,59,59,59,59,59,59,59,59,59,59,59,59,59,59,59,59,59,59,59,59,59,59,59,59,59,59,59,59,59,59,59,59,59,59,102,59,102,102,102,102,102,102,102,102,102,102,102,102,101,102,102,102,102,102,102,
102,102,102,102,102,102,102,102,102,102,102,102,102,102,102,102,102,102,102,102,102,102,102,102,102,102,102,102,102,102,102,102,102,102,102,102,102,102,102,102,102,102,102,102,102,102,102,102,102,102,102,102,102,102,102,102,102,102,102,102,102,102,101,102,102,102,95,101,95,59,59,59,59,59,59,59,59,59,59,59,59,59,59,59,59,59,59,59,59,59,59,59,59,59,59,59,59,59,95,101,
102,102,102,102,102,102,95,95,102,102,102,102,102,102,102,102,102,102,102,102,102,102,102,102,102,102,102,102,102,102,102,102,102,102,102,102,102,102,102,102,102,102,102,102,102,102,102,102,102,102,102,102,102,102,102,102,102,102,102,102,102,102,102,102,102,102,102,102,102,102,102,102,102,102,102,102,102,101,95,95,102,102,102,102,102,102,102,102,102,102,102,102,102,102,102,102,102,102,102,102,
102,102,102,102,102,102,102,102,102,102,102,102,102,102,102,102,102,102,102,102,102,102,102,102,102,102,102,102,102,102,102,102,102,102,102,102,102,102,102,102,102,102,102,102,102,102,102,102,102,102,102,102,102,102,102,102,102,102,102,102,102,102,102,102,102,102,102,102,102,102,102,102,102,102,102,102,102,102,102,102,102,102,102,102,102,102,102,102,102,102,102,102,102,102,102,102,102,102,102,102,
102,102,102,102,102,102,102,102,102,102,102,102,102,102,102,102,102,102,102,102,102,102,102,102,102,102,102,102,102,102,102,102,102,102,102,102,102,102,102,102,102,102,102,102,102,102,102,102,102,102,102,102,102,102,102,102,102,102,102,102,102,102,102,102,102,102,102,102,102,102,102,102,102,102,102,102,102,102,102,102,59,59,59,16,59,59,59,59,59,59,95,102,102,102,102,102,102,102,102,102,
102,102,102,102,102,102,102,102,102,102,102,102,102,102,102,102,102,102,102,102,102,102,102,102,102,102,102,102,102,102,102,102,102,102,102,102,102,102,102,102,102,102,102,102,102,102,102,102,102,102,102,102,102,101,59,59,95,59,59,59,59,59,59,59,59,59,59,59,59,59,59,59,59,59,59,59,59,59,59,59,59,16,16,59,59,23,16,59,59,59,59,59,59,59,59,59,59,59,101,102,
102,102,102,102,102,102,102,102,102,102,102,102,102,101,102,102,102,102,102,102,102,102,102,102,95,59,59,59,59,59,59,59,59,59,59,59,59,59,59,16,17,16,16,16,16,16,16,16,16,16,16,16,16,16,16,16,16,16,16,16,16,16,16,16,16,16,16,16,16,16,16,16,16,16,16,16,16,16,16,23,23,23,17,23,23,59,59,59,59,59,59,59,59,59,59,59,59,59,59,95,
59,59,59,59,59,59,59,59,59,59,59,59,59,59,59,59,59,59,59,59,59,59,23,59,59,59,59,59,59,59,59,59,59,59,59,59,59,59,59,59,59,59,59,59,23,23,59,59,59,59,23,59,23,23,23,23,23,23,59,59,59,59,59,59,59,59,59,59,59,59,59,59,59,59,59,59,59,59,59,59,101,101,102,102,102,101,102,102,102,102,102,102,102,102,102,102,102,102,102,102,
59,59,59,59,59,59,59,95,59,59,59,59,59,95,95,59,95,95,59,95,95,95,95,101,95,95,95,95,95,101,95,95,95,95,59,59,59,59,59,59,101,102,95,59,59,59,95,95,59,59,95,59,59,59,59,59,59,59,59,59,59,59,59,59,59,59,59,59,59,59,59,59,59,59,101,95,101,102,102,102,102,102,102,102,102,102,102,102,102,102,102,102,102,102,102,102,102,102,102,102,
102,102,102,95,101,102,102,102,102,102,102,101,102,102,102,102,102,102,102,102,102,102,102,102,102,102,102,102,102,102,102,102,102,102,102,102,102,102,102,101,102,102,102,102,102,102,101,95,101,102,102,102,101,101,101,101,101,95,59,59,59,59,59,59,59,59,59,59,59,59,59,59,59,59,59,59,101,101,101,101,101,95,101,102,102,102,101,102,102,102,102,102,102,102,102,102,102,102,102,102,
102,102,102,102,102,102,102,102,102,102,102,102,102,102,102,101,101,102,102,102,102,102,102,102,102,102,102,102,102,102,102,102,102,102,102,102,102,102,102,102,102,102,102,102,102,102,102,102,102,101,101,101,101,101,101,101,101,95,95,95,101,59,59,59,59,59,59,59,59,59,59,59,59,59,59,59,59,59,59,59,59,59,95,102,102,102,102,102,102,102,102,102,102,102,102,102,101,102,102,102,
102,102,102,102,102,102,102,101,95,59,59,59,95,95,95,102,102,102,102,102,102,102,102,102,102,102,102,102,102,101,101,102,102,95,59,101,102,102,102,102,102,102,101,102,102,102,102,102,101,101,102,101,101,101,95,95,95,101,101,95,101,59,59,59,59,59,59,59,59,59,59,59,59,59,59,59,23,59,59,59,59,59,59,59,59,59,59,59,59,59,59,59,59,59,59,101,101,101,101,59,
95,101,101,101,95,102,102,102,102,102,102,102,101,101,101,95,101,101,95,102,102,101,102,102,102,101,102,102,102,102,102,102,102,101,102,101,101,101,101,95,102,102,101,102,102,102,101,102,101,102,101,102,101,101,101,101,102,101,101,101,95,95,101,95,59,59,59,59,95,101,59,59,59,59,59,59,59,59,59,59,59,59,59,59,59,59,59,22,59,59,59,59,59,59,59,59,59,59,59,59,
59,59,59,59,59,59,59,59,59,59,59,59,59,59,59,59,59,95,59,59,95,102,101,101,101,101,101,101,102,102,95,95,101,101,101,95,101,101,101,95,95,95,101,95,101,101,102,102,102,101,102,101,101,101,101,101,101,95,59,95,101,95,59,59,59,101,65,59,59,101,95,101,101,101,101,101,102,101,101,59,59,59,59,59,59,59,23,23,16,16,16,16,16,16,16,23,59,22,16,59,
59,59,59,59,59,59,59,95,95,59,59,59,59,59,59,59,59,59,59,59,59,59,59,95,95,95,101,95,95,59,59,59,95,59,59,59,59,59,59,59,59,59,59,59,59,59,59,95,95,59,59,59,59,59,59,59,59,59,59,59,59,59,59,59,59,59,59,59,59,59,59,59,59,59,59,59,59,59,59,59,59,59,59,59,59,59,59,23,23,23,16,16,16,16,16,16,16,16,16,16,
59,59,59,59,59,59,59,59,59,59,59,59,59,59,59,59,59,59,59,59,59,59,59,59,59,59,59,59,59,59,59,59,59,59,59,59,59,59,59,59,59,59,59,59,59,59,59,59,59,59,59,59,59,59,59,59,59,59,59,59,59,59,59,59,59,59,23,59,59,59,59,59,23,59,59,59,23,23,23,23,59,59,59,59,59,59,59,59,59,59,59,59,59,59,59,59,59,59,59,59,
59,59,59,59,59,59,59,59,59,59,59,59,59,59,59,59,59,59,59,59,59,59,59,59,59,59,59,59,95,59,59,59,59,59,59,59,59,59,95,59,59,59,59,59,59,59,59,59,59,59,59,59,59,59,59,59,59,59,59,59,59,59,59,59,59,59,59,59,59,59,59,59,59,59,59,59,59,59,59,59,59,59,59,59,59,59,59,59,59,59,59,59,59,59,59,59,59,59,59,59,
59,59,59,59,59,59,59,59,59,59,59,59,59,59,59,59,59,59,59,59,59,59,59,59,59,59,59,59,59,59,59,59,59,95,59,59,59,59,59,59,59,95,59,59,59,59,59,59,59,59,59,59,59,59,59,59,59,59,59,59,59,59,59,59,59,59,59,59,59,59,59,59,59,59,59,59,59,59,59,59,59,59,59,59,59,59,59,95,95,59,59,59,59,59,59,59,59,59,59,59,
59,59,59,59,59,59,59,59,59,59,59,59,59,59,59,59,59,59,59,59,59,59,59,59,59,59,59,59,59,59,59,59,59,59,59,59,59,59,59,59,59,59,59,59,59,59,59,59,59,59,59,59,59,59,59,59,59,59,59,59,59,59,59,59,101,59,59,59,59,101,101,59,101,59,101,95,59,95,95,59,59,95,95,95,95,59,59,59,59,59,59,59,59,59,59,59,59,59,59,59,
59,59,59,59,59,59,59,59,59,59,59,59,59,59,59,59,59,59,59,59,59,59,59,59,59,59,59,59,59,59,59,59,59,59,59,59,59,59,59,59,59,59,59,59,59,59,59,59,59,59,59,59,59,59,59,59,59,59,59,59,59,59,59,59,59,59,59,59,59,59,59,59,59,95,95,95,59,59,59,59,59,59,59,59,59,59,95,59,59,59,59,59,59,59,59,95,59,59,59,59,
59,59,59,59,59,59,59,59,59,59,59,59,59,59,59,59,59,59,59,59,59,59,59,59,59,59,59,59,59,59,59,59,59,59,59,59,59,59,59,59,59,59,59,59,59,59,59,59,59,59,59,59,59,59,59,59,59,59,59,59,59,59,59,59,59,59,59,59,59,59,59,59,59,59,59,59,59,59,59,59,59,59,59,59,59,58,16,16,16,16,16,16,16,16,16,16,16,16,16,16,
22,22,16,16,16,23,16,23,23,23,17,23,59,59,59,59,59,59,59,59,59,59,59,59,59,59,16,16,16,16,16,16,16,16,16,16,16,16,16,16,16,16,16,16,16,16,16,16,16,16,16,16,16,16,16,16,16,16,16,16,16,16,16,16,59,59,22,22,58,59,22,59,22,16,16,16,59,66,102,102,102,60,59,16,16,16,16,16,16,16,16,16,16,16,16,16,16,16,16,16,
16,16,16,16,16,16,16,16,16,16,16,16,16,16,16,16,16,16,16,16,16,16,16,16,16,16,16,16,16,16,16,16,16,16,16,16,16,16,16,16,16,16,16,16,16,16,16,16,16,16,16,16,16,16,16,16,16,16,16,16,16,16,16,16,16,16,16,16,16,16,16,16,16,16,16,16,16,59,59,59,16,16,16,16,16,16,16,16,16,16,16,16,16,59,59,59,16,59,59,59,
16,16,16,16,16,16,16,16,16,16,16,16,16,16,16,16,16,16,16,16,16,16,16,16,16,16,16,16,16,16,16,16,16,16,16,16,16,16,16,16,16,16,16,16,16,16,16,16,16,16,16,16,16,16,16,16,16,16,16,16,16,16,16,16,16,16,16,16,16,16,16,16,16,16,16,16,16,16,16,16,16,16,16,16,59,59,59,59,59,59,60,102,59,59,59,59,59,59,59,59,
16,16,22,22,22,22,16,16,59,59,16,16,16,16,16,16,16,16,16,16,16,16,16,16,16,16,16,16,16,16,16,16,16,16,16,16,16,16,16,16,16,16,16,22,59,59,58,22,16,16,16,16,16,16,16,16,16,16,16,16,16,16,16,16,16,16,16,16,16,16,16,16,16,16,16,16,58,59,59,59,59,59,102,60,60,102,96,59,60,102,102,102,102,102,102,102,102,102,102,102,
59,59,59,59,59,59,59,59,59,59,59,59,59,59,59,59,59,16,16,16,16,16,16,16,16,16,16,16,16,16,16,16,16,22,59,59,59,59,59,59,59,59,59,59,59,59,58,16,16,16,16,16,16,16,16,16,16,58,16,58,58,16,16,16,16,16,58,16,16,58,58,59,59,59,59,59,59,59,102,59,59,102,96,60,59,60,102,102,102,102,102,102,102,102,102,102,102,102,102,102,
59,59,59,59,59,59,58,59,59,16,16,16,16,16,16,16,16,22,58,16,16,58,22,58,59,59,59,59,59,59,59,59,59,59,59,59,59,59,59,59,58,58,22,16,16,16,58,59,59,59,59,59,59,59,59,59,59,59,59,59,59,59,59,59,59,59,59,59,59,59,59,59,95,102,102,102,102,102,102,102,102,102,102,102,102,102,102,102,102,102,102,102,102,102,102,102,102,102,102,102,
59,59,59,59,59,59,59,59,59,59,59,59,59,59,59,59,59,59,59,59,59,59,59,59,59,59,59,59,59,59,59,59,59,58,16,16,16,16,16,16,16,59,59,59,58,58,59,59,59,59,59,59,59,59,59,59,59,59,59,59,59,59,102,59,59,59,102,102,96,102,102,102,102,102,102,102,102,102,102,102,102,102,102,102,102,102,103,102,102,102,102,102,102,102,102,102,102,102,102,102,
59,59,59,59,59,59,59,59,59,59,59,59,59,59,59,59,59,59,59,59,59,59,59,58,58,58,58,58,59,59,59,59,59,59,59,59,59,59,59,59,102,102,59,59,59,59,59,59,59,59,59,95,102,102,102,102,102,102,102,103,102,102,102,102,103,102,102,102,103,102,102,102,102,102,102,102,103,103,103,102,102,102,102,102,102,102,102,102,102,102,102,102,102,102,102,102,102,102,102,102,
59,59,59,59,59,59,59,59,59,59,59,59,59,59,59,58,22,58,58,58,59,59,59,59,59,59,59,59,59,59,59,59,59,59,59,59,59,59,95,102,102,96,102,102,102,102,102,59,96,59,59,59,102,102,102,59,102,102,103,102,102,102,102,102,102,102,102,103,103,102,103,103,103,102,102,102,102,102,102,102,102,102,102,102,102,102,102,102,102,102,102,102,102,102,102,102,102,102,102,102,
16,16,58,16,16,16,16,58,58,59,59,59,59,59,59,59,59,59,59,59,59,59,59,59,59,58,58,59,59,59,59,96,59,59,102,102,102,95,102,102,139,103,102,102,102,145,103,102,102,102,102,102,59,59,102,102,102,95,102,102,102,102,102,102,102,102,102,102,102,102,139,103,103,102,102,102,102,102,102,102,102,102,102,102,102,102,102,102,102,102,102,138,139,139,102,102,95,95,95,95,
59,58,58,59,59,59,59,59,59,59,59,59,59,59,59,102,102,59,59,59,95,95,102,102,102,102,102,96,102,95,102,102,102,102,139,102,102,102,102,102,102,102,102,102,59,102,102,102,102,102,102,102,102,102,102,59,96,96,59,102,102,102,102,103,102,102,102,102,102,139,145,139,103,102,103,103,102,102,102,102,102,102,102,138,102,102,102,102,102,102,138,145,102,102,95,95,95,95,95,95,
59,59,59,59,59,102,102,59,59,59,59,95,95,102,102,59,96,102,102,102,102,103,102,102,102,102,102,102,102,102,102,102,102,102,102,102,102,102,102,102,102,103,103,145,145,102,103,102,102,102,102,102,102,102,102,102,102,102,102,102,102,102,102,102,102,102,102,102,102,102,102,102,102,102,102,102,102,102,102,102,102,102,102,102,102,139,139,102,102,102,102,102,95,95,95,95,95,95,59,59,
59,59,59,102,102,95,102,102,102,102,102,96,102,139,102,102,102,102,95,59,59,102,102,102,102,102,102,102,102,102,96,102,102,139,145,102,102,102,102,103,102,102,139,102,145,145,145,102,102,102,102,102,102,102,102,102,102,102,102,102,102,102,102,102,102,102,102,102,102,102,102,102,102,102,102,102,102,102,102,102,102,102,102,102,102,95,59,59,59,59,59,59,59,59,59,59,59,58,52,52,
102,102,102,103,102,102,102,102,102,102,102,102,102,102,102,102,103,102,102,102,102,102,145,145,102,102,102,102,102,102,103,103,145,145,139,103,102,102,102,102,102,102,102,102,139,139,139,102,145,145,145,145,139,103,102,102,102,139,103,102,102,102,102,102,102,102,59,102,102,102,102,95,102,102,102,102,102,102,102,95,59,59,59,59,59,59,59,59,59,58,58,52,52,52,52,52,52,52,52,52,
102,96,102,139,102,59,59,95,102,102,102,102,102,102,102,102,102,102,102,102,59,102,102,139,139,139,102,102,103,145,102,59,102,145,145,139,102,102,102,103,145,145,139,139,139,139,103,103,102,102,102,102,102,102,102,102,102,102,102,102,102,102,102,103,102,102,102,102,102,102,102,102,102,59,59,59,59,59,59,58,58,52,52,52,52,52,52,52,52,52,58,58,58,58,58,58,58,58,58,58,
102,102,102,102,102,102,102,102,102,59,95,102,102,102,95,95,102,102,102,102,102,102,102,145,145,102,102,102,102,145,145,102,102,139,145,145,139,103,102,102,102,103,102,139,139,103,103,102,103,139,102,102,103,102,102,102,102,102,102,102,102,102,103,102,102,102,102,102,102,102,102,59,59,59,59,58,52,52,52,52,52,52,52,52,52,52,52,58,58,58,58,52,58,58,58,58,58,58,58,58,
95,102,102,102,102,102,59,102,102,102,103,102,102,102,95,102,102,102,139,139,103,102,102,145,145,102,102,102,145,145,139,145,145,139,103,102,102,145,139,102,103,103,103,145,103,103,103,102,102,102,102,102,102,102,102,102,102,102,102,102,102,102,102,102,102,59,59,59,59,59,58,58,52,52,52,52,52,52,58,52,52,58,58,58,58,52,52,52,52,52,58,58,58,58,58,58,58,58,58,58,
102,102,102,102,102,59,102,139,102,102,102,102,102,102,102,102,102,139,139,102,102,102,102,102,102,102,102,102,102,139,103,139,145,139,102,103,102,102,102,102,102,102,102,102,102,102,102,102,102,102,102,102,102,102,102,102,102,102,59,59,59,59,59,59,58,52,52,52,52,52,52,52,52,52,58,58,58,58,58,58,58,58,58,58,58,58,58,58,58,58,58,58,58,58,58,52,52,52,52,52,
139,145,145,102,95,96,102,139,145,145,145,102,102,102,102,102,102,102,139,145,102,102,102,102,102,139,139,103,102,103,139,102,103,103,102,102,102,102,102,102,102,102,102,102,102,102,103,103,102,102,102,102,59,59,59,59,59,59,59,58,52,52,52,52,58,58,58,58,52,52,58,58,58,58,58,58,58,58,58,58,58,58,58,58,58,58,58,58,58,52,52,16,16,16,16,16,16,16,52,16,
139,139,139,145,102,102,102,102,102,139,145,139,103,103,102,102,102,138,139,139,102,102,102,102,102,102,102,102,102,103,102,102,102,102,102,102,102,102,102,102,102,102,102,102,102,59,59,59,59,59,59,59,59,59,59,58,52,52,52,52,52,52,58,58,58,58,58,58,58,58,58,58,58,58,58,58,58,58,52,58,52,52,52,52,52,52,52,16,16,16,16,16,16,16,16,16,16,16,16,16,
102,102,102,139,102,102,102,102,102,102,102,102,103,103,103,103,139,139,102,139,102,102,102,139,139,102,102,102,102,102,102,145,103,102,102,102,102,102,102,95,59,59,59,59,59,59,59,59,59,59,59,58,58,58,52,52,52,52,52,52,52,52,58,58,58,58,58,58,58,58,58,58,58,58,58,58,58,58,52,16,16,16,16,16,16,16,16,16,16,16,16,16,16,16,16,16,16,16,16,16,
102,102,102,102,102,102,102,102,102,102,102,102,102,103,102,102,102,102,102,102,102,102,102,102,102,102,102,102,102,102,102,102,59,59,59,59,59,59,59,59,59,59,59,59,59,59,59,58,52,52,52,52,52,52,52,52,52,52,52,52,52,58,58,58,58,58,58,58,58,58,58,52,52,58,58,58,58,58,52,52,16,16,16,16,16,16,52,52,16,16,16,16,16,16,16,16,16,16,16,16,
102,102,102,102,102,102,102,102,95,102,102,102,102,102,102,102,102,102,102,102,102,102,102,102,102,102,102,102,95,59,59,59,59,59,59,59,59,59,59,59,59,59,58,52,52,52,52,52,52,52,52,52,52,52,58,58,58,58,58,58,58,58,58,58,58,58,58,58,58,58,58,58,58,52,58,16,16,52,16,52,16,16,16,16,16,16,16,16,16,16,16,16,16,16,16,16,16,16,16,16,
102,102,102,102,102,102,102,102,59,102,102,102,102,102,102,102,102,102,102,102,102,102,59,59,59,59,59,59,59,59,59,59,59,59,58,58,58,52,52,52,52,52,52,52,52,52,52,52,58,52,58,58,58,59,59,59,58,59,58,58,58,58,58,58,52,58,58,58,58,58,58,58,52,52,52,52,52,52,52,52,16,16,16,16,16,16,16,16,16,16,16,16,16,16,16,16,16,52,52,16,
