x=102 y=102
0,0,0,0,0,0,0,0,0,0,0,0,0,0,0,0,0,0,0,0,0,0,0,0,0,0,0,0,0,0,0,0,0,0,0,0,0,0,0,0,0,0,0,0,0,0,0,0,0,0,0,0,0,0,0,0,0,0,0,0,0,0,0,0,0,0,0,0,0,0,0,0,0,0,0,0,0,0,0,0,0,0,0,0,0,0,0,0,0,0,0,0,0,0,0,0,0,0,0,0,0,0,
0,0,0,0,0,0,0,0,0,0,0,0,0,0,0,0,0,0,0,0,0,0,0,0,0,0,0,0,0,0,0,0,0,0,0,0,0,0,0,0,0,0,0,0,0,0,0,0,0,0,0,0,0,0,0,0,0,0,0,0,0,0,0,0,0,0,0,0,0,0,0,0,0,0,0,0,0,0,0,0,0,0,0,0,0,0,0,0,0,0,0,0,0,0,0,0,0,0,0,0,0,0,
0,0,0,0,0,0,0,0,0,0,0,0,0,0,0,0,0,0,0,0,0,0,0,0,0,0,0,0,0,0,0,0,0,0,0,0,0,0,0,0,0,0,0,0,0,0,0,0,0,0,0,0,0,0,0,0,0,0,0,0,0,0,0,0,0,0,0,0,0,0,0,0,0,0,0,0,0,0,0,0,0,0,0,0,0,0,0,0,0,0,0,0,0,0,0,0,0,0,0,0,0,0,
0,0,0,0,0,0,0,0,0,0,0,0,0,0,0,0,0,0,0,0,0,0,0,0,0,0,0,0,0,0,0,0,0,0,0,0,0,0,0,0,0,0,0,0,0,0,0,0,0,0,0,0,0,0,0,0,0,0,0,0,0,0,0,0,0,0,0,0,0,0,0,0,0,0,0,0,0,0,0,0,0,0,0,0,0,0,0,0,0,0,0,0,0,0,0,0,0,0,0,0,0,0,
0,0,0,0,0,0,0,0,0,0,0,0,0,0,0,0,0,0,0,0,0,0,0,0,0,0,0,0,0,0,0,0,0,0,0,0,0,0,0,0,0,0,0,0,196,196,196,196,196,196,196,196,196,196,196,196,196,0,0,0,0,0,0,0,0,0,0,0,0,0,0,0,0,0,0,0,0,0,0,0,0,0,0,0,0,0,0,0,0,0,0,0,0,0,0,0,0,0,0,0,0,0,
0,0,0,0,0,0,0,0,0,0,0,0,0,0,0,0,0,0,0,0,0,0,0,0,0,0,0,0,0,0,0,0,0,0,0,0,0,0,0,196,196,196,196,196,196,196,196,196,196,196,196,196,196,196,196,196,196,196,196,196,196,196,0,0,0,0,0,0,0,0,0,0,0,0,0,0,0,0,0,0,0,0,0,0,0,0,0,0,0,0,0,0,0,0,0,0,0,0,0,0,0,0,
0,0,0,0,0,0,0,0,0,0,0,0,0,0,0,0,0,0,0,0,0,0,0,0,0,0,0,0,0,0,0,0,0,0,0,0,196,196,196,196,196,196,196,196,196,196,196,196,196,196,196,196,196,196,196,196,196,196,196,196,196,196,196,196,196,196,0,0,0,0,0,0,0,0,0,0,0,0,0,0,0,0,0,0,0,0,0,0,0,0,0,0,0,0,0,0,0,0,0,0,0,0,
0,0,0,0,0,0,0,0,0,0,0,0,0,0,0,0,0,0,0,0,0,0,0,0,0,0,0,0,0,0,0,0,0,196,196,196,196,196,196,196,196,196,196,196,196,196,196,196,196,196,196,196,196,196,196,196,196,196,196,196,196,196,196,196,196,196,196,196,0,0,0,0,0,0,0,0,0,0,0,0,0,0,0,0,0,0,0,0,0,0,0,0,0,0,0,0,0,0,0,0,0,0,
0,0,0,0,0,0,0,0,0,0,0,0,0,0,0,0,0,0,0,0,0,0,0,0,0,0,0,0,0,0,196,196,196,196,196,196,196,196,196,196,196,196,196,196,196,196,196,196,196,196,196,196,196,196,196,196,196,196,196,196,196,196,196,196,196,196,196,196,196,196,196,0,0,0,0,0,0,0,0,0,0,0,0,0,0,0,0,0,0,0,0,0,0,0,0,0,0,0,0,0,0,0,
0,0,0,0,0,0,0,0,0,0,0,0,0,0,0,0,0,0,0,0,0,0,0,0,0,0,0,0,0,196,196,196,196,196,196,196,196,196,196,196,196,196,196,196,196,196,196,196,196,196,196,196,196,196,196,196,196,196,196,196,196,196,196,196,196,196,196,196,196,196,196,196,196,0,0,0,0,0,0,0,0,0,0,0,0,0,0,0,0,0,0,0,0,0,0,0,0,0,0,0,0,0,
0,0,0,0,0,0,0,0,0,0,0,0,0,0,0,0,0,0,0,0,0,0,0,0,0,0,0,196,196,196,196,196,196,196,196,196,196,196,196,196,196,196,196,196,196,196,196,196,196,196,196,196,196,196,196,196,196,196,196,196,196,196,196,196,196,196,196,196,196,196,196,196,196,196,0,0,0,0,0,0,0,0,0,0,0,0,0,0,0,0,0,0,0,0,0,0,0,0,0,0,0,0,
0,0,0,0,0,0,0,0,0,0,0,0,0,0,0,0,0,0,0,0,0,0,0,0,0,196,196,196,196,196,196,196,196,196,196,196,196,196,196,196,196,196,196,196,196,196,196,196,196,196,196,196,196,196,196,196,196,196,196,196,196,196,196,196,196,196,196,196,196,196,196,196,196,196,196,196,0,0,0,0,0,0,0,0,0,0,0,0,0,0,0,0,0,0,0,0,0,0,0,0,0,0,
0,0,0,0,0,0,0,0,0,0,0,0,0,0,0,0,0,0,0,0,0,0,0,0,196,196,196,196,196,196,196,196,196,196,196,196,196,196,196,196,196,196,196,196,196,196,196,196,196,196,196,196,196,196,196,196,196,196,196,196,196,196,196,196,196,196,196,196,196,196,196,196,196,196,196,196,196,196,0,0,0,0,0,0,0,0,0,0,0,0,0,0,0,0,0,0,0,0,0,0,0,0,
0,0,0,0,0,0,0,0,0,0,0,0,0,0,0,0,0,0,0,0,0,0,196,196,196,196,196,196,196,196,196,196,196,196,196,196,196,196,196,196,196,196,196,196,196,196,196,196,196,196,196,196,196,196,196,196,196,196,196,196,196,196,196,196,196,196,196,196,196,196,196,196,196,196,196,196,196,196,196,0,0,0,0,0,0,0,0,0,0,0,0,0,0,0,0,0,0,0,0,0,0,0,
0,0,0,0,0,0,0,0,0,0,0,0,0,0,0,0,0,0,0,0,0,196,196,196,196,196,196,196,196,196,196,196,196,196,196,196,196,196,196,196,196,196,196,196,196,196,196,196,196,196,196,196,196,196,196,196,196,196,196,196,196,196,196,196,196,196,196,196,196,196,196,196,196,196,196,196,196,196,196,196,0,0,0,0,0,0,0,0,0,0,0,0,0,0,0,0,0,0,0,0,0,0,
0,0,0,0,0,0,0,0,0,0,0,0,0,0,0,0,0,0,0,0,196,196,196,196,196,196,196,196,196,196,196,196,196,196,196,196,196,196,196,196,196,196,196,196,196,196,196,196,196,196,196,196,196,196,196,196,196,196,196,196,196,196,196,196,196,196,196,196,196,196,196,196,196,196,196,196,196,196,196,196,196,196,0,0,0,0,0,0,0,0,0,0,0,0,0,0,0,0,0,0,0,0,
0,0,0,0,0,0,0,0,0,0,0,0,0,0,0,0,0,0,0,196,196,196,196,196,196,196,196,196,196,196,196,196,196,196,196,196,196,196,196,196,196,196,196,196,196,196,196,196,196,196,196,196,196,196,196,196,196,196,196,196,196,196,196,196,196,196,196,196,196,196,196,196,196,196,196,196,196,196,196,196,196,196,196,0,0,0,0,0,0,0,0,0,0,0,0,0,0,0,0,0,0,0,
0,0,0,0,0,0,0,0,0,0,0,0,0,0,0,0,0,0,196,196,196,196,196,196,196,196,196,196,196,196,196,196,196,196,196,196,196,196,196,196,196,196,196,196,196,196,196,196,196,196,196,196,196,196,196,196,196,196,196,196,196,196,196,196,196,196,196,196,196,196,196,196,196,196,196,196,196,196,196,196,196,196,196,196,0,0,0,0,0,0,0,0,0,0,0,0,0,0,0,0,0,0,
0,0,0,0,0,0,0,0,0,0,0,0,0,0,0,0,196,196,196,196,196,196,196,196,196,196,196,196,196,196,196,196,196,196,196,196,196,196,196,196,196,196,196,196,196,196,196,196,196,196,196,196,196,196,196,196,196,196,196,196,196,196,196,196,196,196,196,196,196,196,196,196,196,196,196,196,196,196,196,196,196,196,196,196,196,0,0,0,0,0,0,0,0,0,0,0,0,0,0,0,0,0,
0,0,0,0,0,0,0,0,0,0,0,0,0,0,0,0,196,196,196,196,196,196,196,196,196,196,196,196,196,196,196,196,196,196,196,196,196,196,196,196,196,196,196,196,196,196,196,196,196,196,196,196,196,196,196,196,196,196,196,196,196,196,196,196,196,196,196,196,196,196,196,196,196,196,196,196,196,196,196,196,196,196,196,196,196,196,0,0,0,0,0,0,0,0,0,0,0,0,0,0,0,0,
0,0,0,0,0,0,0,0,0,0,0,0,0,0,0,196,196,196,196,196,196,196,196,196,196,196,196,196,196,196,196,196,196,196,196,196,196,196,196,196,196,196,196,196,196,196,196,196,196,196,196,196,196,196,196,196,196,196,196,196,196,196,196,196,196,196,196,196,196,196,196,196,196,196,196,196,196,196,196,196,196,196,196,196,196,196,196,0,0,0,0,0,0,0,0,0,0,0,0,0,0,0,
0,0,0,0,0,0,0,0,0,0,0,0,0,0,196,196,196,196,196,196,196,196,196,196,196,196,196,196,196,196,196,196,196,196,196,196,196,196,196,196,196,196,196,196,196,196,196,196,196,196,196,196,196,196,196,196,196,196,196,196,196,196,196,196,196,196,196,196,196,196,196,196,196,196,196,196,196,196,196,196,196,196,196,196,196,196,196,196,0,0,0,0,0,0,0,0,0,0,0,0,0,0,
0,0,0,0,0,0,0,0,0,0,0,0,0,196,196,196,196,196,196,196,196,196,196,196,196,196,196,196,196,196,196,196,196,196,196,196,196,196,196,196,196,196,196,196,196,196,196,196,196,196,196,196,196,196,196,196,196,196,196,196,196,196,196,196,196,196,196,196,196,196,196,196,196,196,196,196,196,196,196,196,196,196,196,196,196,196,196,196,0,0,0,0,0,0,0,0,0,0,0,0,0,0,
0,0,0,0,0,0,0,0,0,0,0,0,196,196,196,196,196,196,196,196,196,196,196,196,196,196,196,196,196,196,196,196,196,196,196,196,196,196,196,196,196,196,196,196,196,196,196,196,196,196,196,196,196,196,196,196,196,196,196,196,196,196,196,196,196,196,196,196,196,196,196,196,196,196,196,196,196,196,196,196,196,196,196,196,196,196,196,196,196,0,0,0,0,0,0,0,0,0,0,0,0,0,
0,0,0,0,0,0,0,0,0,0,0,0,196,196,196,196,196,196,196,196,196,196,196,196,196,196,196,196,196,196,196,196,196,196,196,196,196,196,196,196,196,196,196,196,196,196,196,196,196,196,196,196,196,196,196,196,196,196,196,196,196,196,196,196,196,196,196,196,196,196,196,196,196,196,196,196,196,196,196,196,196,196,196,196,196,196,196,196,196,196,0,0,0,0,0,0,0,0,0,0,0,0,
0,0,0,0,0,0,0,0,0,0,0,196,196,196,196,196,196,196,196,196,196,196,196,196,196,196,196,196,196,196,196,196,196,196,196,196,196,196,196,196,196,196,196,196,196,196,196,196,196,196,196,196,196,196,196,196,196,196,196,196,196,196,196,196,196,196,196,196,196,196,196,196,196,196,196,196,196,196,196,196,196,196,196,196,196,196,196,196,196,196,196,0,0,0,0,0,0,0,0,0,0,0,
0,0,0,0,0,0,0,0,0,0,196,196,196,196,196,196,196,196,196,196,196,196,196,196,196,196,196,196,196,196,196,196,196,196,196,196,196,196,196,196,196,196,196,196,196,196,196,196,196,196,196,196,196,196,196,196,196,196,196,196,196,196,196,196,196,196,196,196,196,196,196,196,196,196,196,196,196,196,196,196,196,196,196,196,196,196,196,196,196,196,196,0,0,0,0,0,0,0,0,0,0,0,
0,0,0,0,0,0,0,0,0,0,196,196,196,196,196,196,196,196,196,196,196,196,196,196,196,196,196,196,196,196,196,196,196,196,196,196,196,196,196,196,196,196,196,196,196,196,196,196,196,196,196,196,196,196,196,196,196,196,196,196,196,196,196,196,196,196,196,196,196,196,196,196,196,196,196,196,196,196,196,196,196,196,196,196,196,196,196,196,196,196,196,196,0,0,0,0,0,0,0,0,0,0,
0,0,0,0,0,0,0,0,0,196,196,196,196,196,196,196,196,196,196,196,196,196,196,196,196,196,196,196,196,196,196,196,196,196,196,196,196,196,196,196,196,196,196,196,196,196,196,196,196,196,196,196,196,196,196,196,196,196,196,196,196,196,196,196,196,196,196,196,196,196,196,196,196,196,196,196,196,196,196,196,196,196,196,196,196,196,196,196,196,196,196,196,0,0,0,0,0,0,0,0,0,0,
0,0,0,0,0,0,0,0,0,196,196,196,196,196,196,196,196,196,196,196,196,196,196,196,196,196,196,196,196,196,196,196,196,196,196,196,196,196,196,196,196,196,196,196,196,196,196,196,196,196,196,196,196,196,196,196,196,196,196,196,196,196,196,196,196,196,196,196,196,196,196,196,196,196,196,196,196,196,196,196,196,196,196,196,196,196,196,196,196,196,196,196,196,0,0,0,0,0,0,0,0,0,
0,0,0,0,0,0,0,0,196,196,196,196,196,196,196,196,196,196,196,196,196,196,196,196,196,196,196,196,196,196,196,196,196,196,196,196,196,196,196,196,196,196,196,196,196,196,196,196,196,196,196,196,196,196,196,196,196,196,196,196,196,196,196,196,196,196,196,196,196,196,196,196,196,196,196,196,196,196,196,196,196,196,196,196,196,196,196,196,196,196,196,196,196,0,0,0,0,0,0,0,0,0,
0,0,0,0,0,0,0,0,196,196,196,196,196,196,196,196,196,196,196,196,196,196,196,196,196,196,196,196,196,196,196,196,196,196,196,196,196,196,196,196,196,196,196,196,196,196,196,196,196,196,196,196,196,196,196,196,196,196,196,196,196,196,196,196,196,196,196,196,196,196,196,196,196,196,196,196,196,196,196,196,196,196,196,196,196,196,196,196,196,196,196,196,196,196,0,0,0,0,0,0,0,0,
0,0,0,0,0,0,0,196,196,196,196,196,196,196,196,196,196,196,196,196,196,196,196,196,196,196,196,196,196,196,196,196,196,196,196,196,196,196,196,196,196,196,196,196,196,196,196,196,196,196,196,196,196,196,196,196,196,196,196,196,196,196,196,196,196,196,196,196,196,196,196,196,196,196,196,196,196,196,196,196,196,196,196,196,196,196,196,196,196,196,196,196,196,196,0,0,0,0,0,0,0,0,
0,0,0,0,0,0,0,196,196,196,196,196,196,196,196,196,196,196,196,196,196,196,196,196,196,196,196,196,196,196,196,196,196,196,196,196,196,196,196,196,196,196,196,196,196,196,196,196,196,196,196,196,196,196,196,196,196,196,196,196,196,196,196,196,196,196,196,196,196,196,196,196,196,196,196,196,196,196,196,196,196,196,196,196,196,196,196,196,196,196,196,196,196,196,196,0,0,0,0,0,0,0,
0,0,0,0,0,0,196,196,196,196,196,196,196,196,196,196,196,196,196,196,196,196,196,196,196,196,196,196,196,196,196,196,196,196,196,196,196,196,196,196,196,196,196,196,196,196,196,196,196,196,196,196,196,196,196,196,196,196,196,196,196,196,196,196,196,196,196,196,196,196,196,196,196,196,196,196,196,196,196,196,196,196,196,196,196,196,196,196,196,196,196,196,196,196,196,0,0,0,0,0,0,0,
0,0,0,0,0,0,196,196,196,196,196,196,196,196,196,196,196,196,196,196,196,196,196,196,196,196,196,196,196,196,196,196,196,196,196,196,196,196,196,196,196,196,196,196,196,196,196,196,196,196,196,196,196,196,196,196,196,196,196,196,196,196,196,196,196,196,196,196,196,196,196,196,196,196,196,196,196,196,196,196,196,196,196,196,196,196,196,196,196,196,196,196,196,196,196,0,0,0,0,0,0,0,
0,0,0,0,0,0,196,196,196,196,196,196,196,196,196,196,196,196,196,196,196,196,196,196,196,196,196,196,196,196,196,196,196,196,196,196,196,196,196,196,196,196,196,196,196,196,196,196,196,196,196,196,196,196,196,196,196,196,196,196,196,196,196,196,196,196,196,196,196,196,196,196,196,196,196,196,196,196,196,196,196,196,196,196,196,196,196,196,196,196,196,196,196,196,196,196,0,0,0,0,0,0,
0,0,0,0,0,196,196,196,196,196,196,196,196,196,196,196,196,196,196,196,196,196,196,196,196,196,196,196,196,196,196,196,196,196,196,196,196,196,196,196,196,196,196,196,196,196,196,196,196,196,196,196,196,196,196,196,196,196,196,196,196,196,196,196,196,196,196,196,196,196,196,196,196,196,196,196,196,196,196,196,196,196,196,196,196,196,196,196,196,196,196,196,196,196,196,196,0,0,0,0,0,0,
0,0,0,0,0,196,196,196,196,196,196,196,196,196,196,196,196,196,196,196,196,196,196,196,196,196,196,196,196,196,196,196,196,196,196,196,196,196,196,196,196,196,196,196,196,196,196,196,196,196,196,196,196,196,196,196,196,196,196,196,196,196,196,196,196,196,196,196,196,196,196,196,196,196,196,196,196,196,196,196,196,196,196,196,196,196,196,196,196,196,196,196,196,196,196,196,0,0,0,0,0,0,
0,0,0,0,0,196,196,196,196,196,196,196,196,196,196,196,196,196,196,196,196,196,196,196,196,196,196,196,196,196,196,196,196,196,196,196,196,196,196,196,196,196,196,196,196,196,196,196,196,196,196,196,196,196,196,196,196,196,196,196,196,196,196,196,196,196,196,196,196,196,196,196,196,196,196,196,196,196,196,196,196,196,196,196,196,196,196,196,196,196,196,196,196,196,196,196,196,0,0,0,0,0,
0,0,0,0,196,196,196,196,196,196,196,196,196,196,196,196,196,196,196,196,196,196,196,196,196,196,196,196,196,196,196,196,196,196,196,196,196,196,231,231,231,231,231,231,231,231,231,231,231,231,231,231,231,231,231,231,231,231,231,231,231,231,231,196,196,196,196,196,196,196,196,196,196,196,196,196,196,196,196,196,196,196,196,196,196,196,196,196,196,196,196,196,196,196,196,196,196,0,0,0,0,0,
0,0,0,0,196,196,196,196,196,196,196,196,196,196,196,196,196,196,196,196,196,196,196,196,196,196,196,196,196,196,196,196,196,196,231,231,231,231,231,231,231,231,231,231,231,231,231,231,231,231,231,231,231,231,231,231,231,231,231,231,231,231,231,231,231,231,231,231,196,196,196,196,196,196,196,196,196,196,196,196,196,196,196,196,196,196,196,196,196,196,196,196,196,196,196,196,196,0,0,0,0,0,
0,0,0,0,196,196,196,196,196,196,196,196,196,196,196,196,196,196,196,196,196,196,196,196,196,196,196,196,196,196,231,231,231,231,231,231,231,231,231,231,231,231,231,231,231,231,231,231,231,231,231,231,231,231,231,231,231,231,231,231,231,231,231,231,231,231,231,231,231,231,231,196,196,196,196,196,196,196,196,196,196,196,196,196,196,196,196,196,196,196,196,196,196,196,196,196,196,0,0,0,0,0,
0,0,0,0,196,196,196,196,196,196,196,196,196,196,196,196,196,196,196,196,196,196,196,196,196,196,196,231,231,231,231,231,231,231,231,231,231,231,231,231,231,231,231,231,231,231,231,231,231,231,231,231,231,231,231,231,231,231,231,231,231,231,231,231,231,231,231,231,231,231,231,231,231,231,196,196,196,196,196,196,196,196,196,196,196,196,196,196,196,196,196,196,196,196,196,196,196,196,0,0,0,0,
0,0,0,0,196,196,196,196,196,196,196,196,196,196,196,196,196,196,196,196,196,196,196,196,196,231,231,231,231,231,231,231,231,231,231,231,231,231,231,231,231,231,231,231,231,231,231,231,231,231,231,231,231,231,231,231,231,231,231,231,231,231,231,231,231,231,231,231,231,231,231,231,231,231,231,231,231,196,196,196,196,196,196,196,196,196,196,196,196,196,196,196,196,196,196,196,196,196,0,0,0,0,
0,0,0,196,196,196,196,196,196,196,196,196,196,196,196,196,196,196,196,196,196,196,196,231,231,231,231,231,231,231,231,231,231,231,231,231,231,231,231,231,231,231,231,231,231,231,231,231,231,231,231,231,231,231,231,231,231,231,231,231,231,231,231,231,231,231,231,231,231,231,231,231,231,231,231,231,231,231,231,196,196,196,196,196,196,196,196,196,196,196,196,196,196,196,196,196,196,196,0,0,0,0,
0,0,0,196,196,196,196,196,196,196,196,196,196,196,196,196,196,196,196,196,196,231,231,231,231,231,231,231,231,231,231,231,231,231,231,231,231,231,231,231,231,231,231,231,231,231,231,231,231,231,231,231,231,231,231,231,231,231,231,231,231,231,231,231,231,231,231,231,231,231,231,231,231,231,231,231,231,231,231,231,196,196,196,196,196,196,196,196,196,196,196,196,196,196,196,196,196,196,0,0,0,0,
0,0,0,196,196,196,196,196,196,196,196,196,196,196,196,196,196,196,196,196,231,231,231,231,231,231,231,231,231,231,231,231,231,231,231,231,231,231,231,231,231,231,231,231,231,231,231,231,231,231,231,231,231,231,231,231,231,231,231,231,231,231,231,231,231,231,231,231,231,231,231,231,231,231,231,231,231,231,231,231,231,196,196,196,196,196,196,196,196,196,196,196,196,196,196,196,196,196,0,0,0,0,
0,0,0,196,196,196,196,196,196,196,196,196,196,196,196,196,196,196,196,196,231,231,231,231,231,231,231,231,231,231,231,231,231,231,231,231,231,231,231,231,231,231,231,231,231,231,231,231,231,231,231,231,231,231,231,231,231,231,231,231,231,231,231,231,231,231,231,231,231,231,231,231,231,231,231,231,231,231,231,231,231,231,196,196,196,196,196,196,196,196,196,196,196,196,196,196,196,196,0,0,0,0,
0,0,0,196,196,196,196,196,196,196,196,196,196,196,196,196,196,196,196,196,231,231,231,231,231,231,231,231,231,231,231,231,231,231,231,231,231,231,231,231,231,231,231,231,231,231,196,196,196,196,196,196,196,196,196,196,231,231,231,231,231,231,231,231,231,231,231,231,231,231,231,231,231,231,231,231,231,231,231,231,231,231,196,196,196,196,196,196,196,196,196,196,196,196,196,196,196,196,0,0,0,0,
0,0,0,196,196,196,196,196,196,196,196,196,196,196,196,196,196,196,196,231,231,231,231,231,231,231,231,231,231,231,231,231,231,231,231,231,231,231,231,231,231,196,196,196,196,196,196,196,196,196,196,196,196,196,196,196,196,196,196,196,231,231,231,231,231,231,231,231,231,231,231,231,231,231,231,231,231,231,231,231,231,231,196,196,196,196,196,196,196,196,196,196,196,196,196,196,196,196,0,0,0,0,
0,0,0,196,196,196,196,196,196,196,196,196,196,196,196,196,196,196,196,231,231,231,231,231,231,231,231,231,231,231,231,231,231,231,231,231,231,231,231,196,196,196,196,196,196,196,196,196,196,196,196,196,196,196,196,196,196,196,196,196,196,196,231,231,231,231,231,231,231,231,231,231,231,231,231,231,231,231,231,231,231,231,231,196,196,196,196,196,196,196,196,196,196,196,196,196,196,196,0,0,0,0,
0,0,0,196,196,196,196,196,196,196,196,196,196,196,196,196,196,196,231,231,231,231,231,231,231,231,231,231,231,231,231,231,231,231,231,231,231,231,196,196,196,196,196,196,196,196,196,196,196,196,196,196,196,196,196,196,196,196,196,196,196,196,196,196,231,231,231,231,231,231,231,231,231,231,231,231,231,231,231,231,231,231,231,196,196,196,196,196,196,196,196,196,196,196,196,196,196,196,0,0,0,0,
0,0,0,196,196,196,196,196,196,196,196,196,196,196,196,196,196,196,231,231,231,231,231,231,231,231,231,231,231,231,231,231,231,231,231,231,231,196,196,196,196,196,196,196,196,196,196,196,196,196,196,196,196,196,196,196,196,196,196,196,196,196,196,196,231,231,231,231,231,231,231,231,231,231,231,231,231,231,231,231,231,231,231,196,196,196,196,196,196,196,196,196,196,196,196,196,196,196,0,0,0,0,
0,0,0,196,196,196,196,196,196,196,196,196,196,196,196,196,196,196,231,231,231,231,231,231,231,231,231,231,231,231,231,231,231,231,231,231,231,196,196,196,196,196,196,196,196,196,196,196,196,196,196,196,196,196,196,196,196,196,196,196,196,196,196,196,196,231,231,231,231,231,231,231,231,231,231,231,231,231,231,231,231,231,231,231,196,196,196,196,196,196,196,196,196,196,196,196,196,196,0,0,0,0,
0,0,0,196,196,196,196,196,196,196,196,196,196,196,196,196,196,231,231,231,231,231,231,231,231,231,231,231,231,231,231,231,231,231,231,231,231,196,196,196,196,196,196,196,196,196,196,196,196,196,196,196,196,196,196,196,196,196,196,196,196,196,196,196,196,231,231,231,231,231,231,231,231,231,231,231,231,231,231,231,231,231,231,231,196,196,196,196,196,196,196,196,196,196,196,196,196,196,0,0,0,0,
0,0,0,196,196,196,196,196,196,196,196,196,196,196,196,196,196,231,231,231,231,231,231,231,231,231,231,231,231,231,231,231,231,231,231,231,231,196,196,196,196,196,196,196,196,196,196,196,196,196,196,196,196,196,196,196,196,196,196,196,196,196,196,196,196,231,231,231,231,231,231,231,231,231,231,231,231,231,231,231,231,231,231,231,196,196,196,196,196,196,196,196,196,196,196,196,196,196,0,0,0,0,
0,0,0,196,196,196,196,196,196,196,196,196,196,196,196,196,196,231,231,231,231,231,231,231,231,231,231,231,231,231,231,231,231,231,231,231,231,196,196,196,196,196,196,196,196,196,196,196,196,196,196,196,196,196,196,196,196,196,196,196,196,196,196,196,231,231,231,231,231,231,231,231,231,231,231,231,231,231,231,231,231,231,231,231,231,196,196,196,196,196,196,196,196,196,196,196,196,196,0,0,0,0,
0,0,0,0,196,196,196,196,196,196,196,196,196,196,196,196,196,231,231,231,231,231,231,231,231,231,231,231,231,231,231,231,231,231,231,231,231,196,196,196,196,196,196,196,196,196,196,196,196,196,196,196,196,196,196,196,196,196,196,196,196,196,196,196,196,231,231,231,231,231,231,231,231,231,231,231,231,231,231,231,231,231,231,231,231,196,196,196,196,196,196,196,196,196,196,196,196,196,0,0,0,0,
0,0,0,0,196,196,196,196,196,196,196,196,196,196,196,196,196,231,231,231,231,231,231,231,231,231,231,231,231,231,231,231,231,231,231,231,231,196,196,196,196,196,196,196,196,196,196,196,196,196,196,196,196,196,196,196,196,196,196,196,196,196,196,196,196,231,231,231,231,231,231,231,231,231,231,231,231,231,231,231,231,231,231,231,196,196,196,196,196,196,196,196,196,196,196,196,196,196,0,0,0,0,
0,0,0,0,196,196,196,196,196,196,196,196,196,196,196,196,196,196,231,231,231,231,231,231,231,231,231,231,231,231,231,231,231,231,231,196,196,196,196,196,196,196,196,196,196,196,196,196,196,196,196,196,196,196,196,196,196,196,196,196,196,196,196,196,196,196,231,231,231,231,231,231,231,231,231,231,231,231,231,231,231,231,231,196,196,196,196,196,196,196,196,196,196,196,196,196,196,0,0,0,0,0,
0,0,0,0,196,196,196,196,196,196,196,196,196,196,196,196,196,196,196,196,196,196,196,196,196,196,196,196,196,196,196,196,196,196,196,196,196,196,196,196,196,196,196,196,196,196,196,196,196,196,196,196,196,196,196,196,196,196,196,196,196,196,196,196,196,196,196,196,196,196,196,196,196,196,196,196,196,196,196,196,196,196,196,196,196,196,196,196,196,196,196,196,196,196,196,196,196,0,0,0,0,0,
0,0,0,0,196,196,196,196,196,196,196,196,196,196,196,196,196,196,196,196,196,196,196,196,196,196,196,196,196,196,196,196,196,196,196,196,196,196,196,196,196,196,196,196,196,196,196,196,196,196,196,196,196,196,196,196,196,196,196,196,196,196,196,196,196,196,196,196,196,196,196,196,196,196,196,196,196,196,196,196,196,196,196,196,196,196,196,196,196,196,196,196,196,196,196,196,196,0,0,0,0,0,
0,0,0,0,0,196,196,196,196,196,196,196,196,196,196,196,196,196,196,196,196,196,196,196,196,196,196,196,196,196,196,196,196,196,196,196,196,196,196,196,196,196,196,196,196,196,196,196,196,196,196,196,196,196,196,196,196,196,196,196,196,196,196,196,196,196,196,196,196,196,196,196,196,196,196,196,196,196,196,196,196,196,196,196,196,196,196,196,196,196,196,196,196,196,196,196,196,0,0,0,0,0,
0,0,0,0,0,196,196,196,196,196,196,196,196,196,196,196,196,196,196,196,196,196,196,196,196,196,196,196,196,196,196,196,196,196,196,196,196,196,196,196,196,196,196,196,196,196,196,196,196,196,196,196,196,196,196,196,196,196,196,196,196,196,196,196,196,196,196,196,196,196,196,196,196,196,196,196,196,196,196,196,196,196,196,196,196,196,196,196,196,196,196,196,196,196,196,196,0,0,0,0,0,0,
0,0,0,0,0,196,196,196,196,196,196,196,196,196,196,196,196,196,196,196,196,196,196,196,196,196,196,196,196,196,196,196,196,196,196,196,196,196,196,196,196,196,196,196,196,196,196,196,196,196,196,196,196,196,196,196,196,196,196,196,196,196,196,196,196,196,196,196,196,196,196,196,196,196,196,196,196,196,196,196,196,196,196,196,196,196,196,196,196,196,196,196,196,196,196,196,0,0,0,0,0,0,
0,0,0,0,0,0,196,196,196,196,196,196,196,196,196,196,196,196,196,196,196,196,196,196,196,196,196,196,196,196,196,196,196,196,196,196,196,196,196,196,196,196,196,196,196,196,196,196,196,196,196,196,196,196,196,196,196,196,196,196,196,196,196,196,196,196,196,196,196,196,196,196,196,196,196,196,196,196,196,196,196,196,196,196,196,196,196,196,196,196,196,196,196,196,196,196,0,0,0,0,0,0,
0,0,0,0,0,0,196,196,196,196,196,196,196,196,196,196,196,196,196,196,196,196,196,196,196,196,196,196,196,196,196,196,196,196,196,196,196,196,196,196,196,196,196,196,196,196,196,196,196,196,196,196,196,196,196,196,196,196,196,196,196,196,196,196,196,196,196,196,196,196,196,196,196,196,196,196,196,196,196,196,196,196,196,196,196,196,196,196,196,196,196,196,196,196,196,0,0,0,0,0,0,0,
0,0,0,0,0,0,196,196,196,196,196,196,196,196,196,196,196,196,196,196,196,196,196,196,196,196,196,196,196,196,196,196,196,196,196,196,196,196,196,196,196,196,196,196,196,196,196,196,196,196,196,196,196,196,196,196,196,196,196,196,196,196,196,196,196,196,196,196,196,196,196,196,196,196,196,196,196,196,196,196,196,196,196,196,196,196,196,196,196,196,196,196,196,196,196,0,0,0,0,0,0,0,
0,0,0,0,0,0,0,196,196,196,196,196,196,196,196,196,196,196,196,196,196,196,196,196,196,196,196,196,196,196,196,196,196,196,196,196,196,196,196,196,196,196,196,196,196,196,196,196,196,196,196,196,196,196,196,196,196,196,196,196,196,196,196,196,196,196,196,196,196,196,196,196,196,196,196,196,196,196,196,196,196,196,196,196,196,196,196,196,196,196,196,196,196,196,196,0,0,0,0,0,0,0,
0,0,0,0,0,0,0,196,196,196,196,196,196,196,196,196,196,196,196,196,196,196,196,196,196,196,196,196,196,196,196,196,196,196,196,196,196,196,196,196,196,196,196,196,196,196,196,196,196,196,196,196,196,196,196,196,196,196,196,196,196,196,196,196,196,196,196,196,196,196,196,196,196,196,196,196,196,196,196,196,196,196,196,196,196,196,196,196,196,196,196,196,196,196,0,0,0,0,0,0,0,0,
0,0,0,0,0,0,0,196,196,196,196,196,196,196,196,196,196,196,196,196,196,196,196,196,196,196,196,196,196,196,196,196,196,196,196,196,196,196,196,196,196,196,196,196,196,196,196,196,196,196,196,196,196,196,196,196,196,196,196,196,196,196,196,196,196,196,196,196,196,196,196,196,196,196,196,196,196,196,196,196,196,196,196,196,196,196,196,196,196,196,196,196,196,196,0,0,0,0,0,0,0,0,
0,0,0,0,0,0,0,0,196,196,196,196,196,196,196,196,196,196,196,196,196,196,196,196,196,196,196,196,196,196,196,196,196,196,196,196,196,196,196,196,196,196,196,196,196,196,196,196,196,196,196,196,196,196,196,196,196,196,196,196,196,196,196,196,196,196,196,196,196,196,196,196,196,196,196,196,196,196,196,196,196,196,196,196,196,196,196,196,196,196,196,196,196,0,0,0,0,0,0,0,0,0,
0,0,0,0,0,0,0,0,196,196,196,196,196,196,196,196,196,196,196,196,196,196,196,196,196,196,196,196,196,196,196,196,196,196,196,196,196,196,196,196,196,196,196,196,196,196,196,196,196,196,196,196,196,196,196,196,196,196,196,196,196,196,196,196,196,196,196,196,196,196,196,196,196,196,196,196,196,196,196,196,196,196,196,196,196,196,196,196,196,196,196,196,196,0,0,0,0,0,0,0,0,0,
0,0,0,0,0,0,0,0,0,196,196,196,196,196,196,196,196,196,196,196,196,196,196,196,196,196,196,196,196,196,196,196,196,196,196,196,196,196,196,196,196,196,196,196,196,196,196,196,196,196,196,196,196,196,196,196,196,196,196,196,196,196,196,196,196,196,196,196,196,196,196,196,196,196,196,196,196,196,196,196,196,196,196,196,196,196,196,196,196,196,196,196,0,0,0,0,0,0,0,0,0,0,
0,0,0,0,0,0,0,0,0,0,196,196,196,196,196,196,196,196,196,196,196,196,196,196,196,196,196,196,196,196,196,196,196,196,196,196,196,196,196,196,196,196,196,196,196,196,196,196,196,196,196,196,196,196,196,196,196,196,196,196,196,196,196,196,196,196,196,196,196,196,196,196,196,196,196,196,196,196,196,196,196,196,196,196,196,196,196,196,196,196,196,196,0,0,0,0,0,0,0,0,0,0,
0,0,0,0,0,0,0,0,0,0,196,196,196,196,196,196,196,196,196,196,196,196,196,196,196,196,196,196,196,196,196,196,196,196,196,196,196,196,196,196,196,196,196,196,196,196,196,196,196,196,196,196,196,196,196,196,196,196,196,196,196,196,196,196,196,196,196,196,196,196,196,196,196,196,196,196,196,196,196,196,196,196,196,196,196,196,196,196,196,196,196,0,0,0,0,0,0,0,0,0,0,0,
0,0,0,0,0,0,0,0,0,0,0,196,196,196,196,196,196,196,196,196,196,196,196,196,196,196,196,196,196,196,196,196,196,196,196,196,196,196,196,196,196,196,196,196,196,196,196,196,196,196,196,196,196,196,196,196,196,196,196,196,196,196,196,196,196,196,196,196,196,196,196,196,196,196,196,196,196,196,196,196,196,196,196,196,196,196,196,196,196,196,0,0,0,0,0,0,0,0,0,0,0,0,
0,0,0,0,0,0,0,0,0,0,0,0,196,196,196,196,196,196,196,196,196,196,196,196,196,196,196,196,196,196,196,196,196,196,196,196,196,196,196,196,196,196,196,196,196,196,196,196,196,196,196,196,196,196,196,196,196,196,196,196,196,196,196,196,196,196,196,196,196,196,196,196,196,196,196,196,196,196,196,196,196,196,196,196,196,196,196,196,196,196,0,0,0,0,0,0,0,0,0,0,0,0,
0,0,0,0,0,0,0,0,0,0,0,0,196,196,196,196,196,196,196,196,196,196,196,196,196,196,196,196,196,196,196,196,196,196,196,196,196,196,196,196,196,196,196,196,196,196,196,196,196,196,196,196,196,196,196,196,196,196,196,196,196,196,196,196,196,196,196,196,196,196,196,196,196,196,196,196,196,196,196,196,196,196,196,196,196,196,196,196,196,0,0,0,0,0,0,0,0,0,0,0,0,0,
0,0,0,0,0,0,0,0,0,0,0,0,0,196,196,196,196,196,196,196,196,196,196,196,196,196,196,196,196,196,196,196,196,196,196,196,196,196,196,196,196,196,196,196,196,196,196,196,196,196,196,196,196,196,196,196,196,196,196,196,196,196,196,196,196,196,196,196,196,196,196,196,196,196,196,196,196,196,196,196,196,196,196,196,196,196,196,196,0,0,0,0,0,0,0,0,0,0,0,0,0,0,
0,0,0,0,0,0,0,0,0,0,0,0,0,0,196,196,196,196,196,196,196,196,196,196,196,196,196,196,196,196,196,196,196,196,196,196,196,196,196,196,196,196,196,196,196,196,196,196,196,196,196,196,196,196,196,196,196,196,196,196,196,196,196,196,196,196,196,196,196,196,196,196,196,196,196,196,196,196,196,196,196,196,196,196,196,196,196,196,0,0,0,0,0,0,0,0,0,0,0,0,0,0,
0,0,0,0,0,0,0,0,0,0,0,0,0,0,0,196,196,196,196,196,196,196,196,196,196,196,196,196,196,196,196,196,196,196,196,196,196,196,196,196,196,196,196,196,196,196,196,196,196,196,196,196,196,196,196,196,196,196,196,196,196,196,196,196,196,196,196,196,196,196,196,196,196,196,196,196,196,196,196,196,196,196,196,196,196,196,196,0,0,0,0,0,0,0,0,0,0,0,0,0,0,0,
0,0,0,0,0,0,0,0,0,0,0,0,0,0,0,0,196,196,196,196,196,196,196,196,196,196,196,196,196,196,196,196,196,196,196,196,196,196,196,196,196,196,196,196,196,196,196,196,196,196,196,196,196,196,196,196,196,196,196,196,196,196,196,196,196,196,196,196,196,196,196,196,196,196,196,196,196,196,196,196,196,196,196,196,196,196,0,0,0,0,0,0,0,0,0,0,0,0,0,0,0,0,
0,0,0,0,0,0,0,0,0,0,0,0,0,0,0,0,0,196,196,196,196,196,196,196,196,196,196,196,196,196,196,196,196,196,196,196,196,196,196,196,196,196,196,196,196,196,196,196,196,196,196,196,196,196,196,196,196,196,196,196,196,196,196,196,196,196,196,196,196,196,196,196,196,196,196,196,196,196,196,196,196,196,196,196,196,0,0,0,0,0,0,0,0,0,0,0,0,0,0,0,0,0,
0,0,0,0,0,0,0,0,0,0,0,0,0,0,0,0,0,0,196,196,196,196,196,196,196,196,196,196,196,196,196,196,196,196,196,196,196,196,196,196,196,196,196,196,196,196,196,196,196,196,196,196,196,196,196,196,196,196,196,196,196,196,196,196,196,196,196,196,196,196,196,196,196,196,196,196,196,196,196,196,196,196,196,196,0,0,0,0,0,0,0,0,0,0,0,0,0,0,0,0,0,0,
0,0,0,0,0,0,0,0,0,0,0,0,0,0,0,0,0,0,0,196,196,196,196,196,196,196,196,196,196,196,196,196,196,196,196,196,196,196,196,196,196,196,196,196,196,196,196,196,196,196,196,196,196,196,196,196,196,196,196,196,196,196,196,196,196,196,196,196,196,196,196,196,196,196,196,196,196,196,196,196,196,196,196,0,0,0,0,0,0,0,0,0,0,0,0,0,0,0,0,0,0,0,
0,0,0,0,0,0,0,0,0,0,0,0,0,0,0,0,0,0,0,0,196,196,196,196,196,196,196,196,196,196,196,196,196,196,196,196,196,196,196,196,196,196,196,196,196,196,196,196,196,196,196,196,196,196,196,196,196,196,196,196,196,196,196,196,196,196,196,196,196,196,196,196,196,196,196,196,196,196,196,196,196,196,0,0,0,0,0,0,0,0,0,0,0,0,0,0,0,0,0,0,0,0,
0,0,0,0,0,0,0,0,0,0,0,0,0,0,0,0,0,0,0,0,0,196,196,196,196,196,196,196,196,196,196,196,196,196,196,196,196,196,196,196,196,196,196,196,196,196,196,196,196,196,196,196,196,196,196,196,196,196,196,196,196,196,196,196,196,196,196,196,196,196,196,196,196,196,196,196,196,196,196,196,0,0,0,0,0,0,0,0,0,0,0,0,0,0,0,0,0,0,0,0,0,0,
0,0,0,0,0,0,0,0,0,0,0,0,0,0,0,0,0,0,0,0,0,0,196,196,196,196,196,196,196,196,196,196,196,196,196,196,196,196,196,196,196,196,196,196,196,196,196,196,196,196,196,196,196,196,196,196,196,196,196,196,196,196,196,196,196,196,196,196,196,196,196,196,196,196,196,196,196,196,196,0,0,0,0,0,0,0,0,0,0,0,0,0,0,0,0,0,0,0,0,0,0,0,
0,0,0,0,0,0,0,0,0,0,0,0,0,0,0,0,0,0,0,0,0,0,0,0,196,196,196,196,196,196,196,196,196,196,196,196,196,196,196,196,196,196,196,196,196,196,196,196,196,196,196,196,196,196,196,196,196,196,196,196,196,196,196,196,196,196,196,196,196,196,196,196,196,196,196,196,196,196,0,0,0,0,0,0,0,0,0,0,0,0,0,0,0,0,0,0,0,0,0,0,0,0,
0,0,0,0,0,0,0,0,0,0,0,0,0,0,0,0,0,0,0,0,0,0,0,0,0,196,196,196,196,196,196,196,196,196,196,196,196,196,196,196,196,196,196,196,196,196,196,196,196,196,196,196,196,196,196,196,196,196,196,196,196,196,196,196,196,196,196,196,196,196,196,196,196,196,196,196,0,0,0,0,0,0,0,0,0,0,0,0,0,0,0,0,0,0,0,0,0,0,0,0,0,0,
0,0,0,0,0,0,0,0,0,0,0,0,0,0,0,0,0,0,0,0,0,0,0,0,0,0,0,196,196,196,196,196,196,196,196,196,196,196,196,196,196,196,196,196,196,196,196,196,196,196,196,196,196,196,196,196,196,196,196,196,196,196,196,196,196,196,196,196,196,196,196,196,196,196,196,0,0,0,0,0,0,0,0,0,0,0,0,0,0,0,0,0,0,0,0,0,0,0,0,0,0,0,
0,0,0,0,0,0,0,0,0,0,0,0,0,0,0,0,0,0,0,0,0,0,0,0,0,0,0,0,0,196,196,196,196,196,196,196,196,196,196,196,196,196,196,196,196,196,196,196,196,196,196,196,196,196,196,196,196,196,196,196,196,196,196,196,196,196,196,196,196,196,196,196,196,0,0,0,0,0,0,0,0,0,0,0,0,0,0,0,0,0,0,0,0,0,0,0,0,0,0,0,0,0,
0,0,0,0,0,0,0,0,0,0,0,0,0,0,0,0,0,0,0,0,0,0,0,0,0,0,0,0,0,0,196,196,196,196,196,196,196,196,196,196,196,196,196,196,196,196,196,196,196,196,196,196,196,196,196,196,196,196,196,196,196,196,196,196,196,196,196,196,196,196,196,0,0,0,0,0,0,0,0,0,0,0,0,0,0,0,0,0,0,0,0,0,0,0,0,0,0,0,0,0,0,0,
0,0,0,0,0,0,0,0,0,0,0,0,0,0,0,0,0,0,0,0,0,0,0,0,0,0,0,0,0,0,0,0,0,196,196,196,196,196,196,196,196,196,196,196,196,196,196,196,196,196,196,196,196,196,196,196,196,196,196,196,196,196,196,196,196,196,196,196,0,0,0,0,0,0,0,0,0,0,0,0,0,0,0,0,0,0,0,0,0,0,0,0,0,0,0,0,0,0,0,0,0,0,
0,0,0,0,0,0,0,0,0,0,0,0,0,0,0,0,0,0,0,0,0,0,0,0,0,0,0,0,0,0,0,0,0,0,0,0,196,196,196,196,196,196,196,196,196,196,196,196,196,196,196,196,196,196,196,196,196,196,196,196,196,196,196,196,196,196,0,0,0,0,0,0,0,0,0,0,0,0,0,0,0,0,0,0,0,0,0,0,0,0,0,0,0,0,0,0,0,0,0,0,0,0,
0,0,0,0,0,0,0,0,0,0,0,0,0,0,0,0,0,0,0,0,0,0,0,0,0,0,0,0,0,0,0,0,0,0,0,0,0,0,0,196,196,196,196,196,196,196,196,196,196,196,196,196,196,196,196,196,196,196,196,196,196,196,0,0,0,0,0,0,0,0,0,0,0,0,0,0,0,0,0,0,0,0,0,0,0,0,0,0,0,0,0,0,0,0,0,0,0,0,0,0,0,0,
0,0,0,0,0,0,0,0,0,0,0,0,0,0,0,0,0,0,0,0,0,0,0,0,0,0,0,0,0,0,0,0,0,0,0,0,0,0,0,0,0,0,0,0,196,196,196,196,196,196,196,196,196,196,196,196,196,0,0,0,0,0,0,0,0,0,0,0,0,0,0,0,0,0,0,0,0,0,0,0,0,0,0,0,0,0,0,0,0,0,0,0,0,0,0,0,0,0,0,0,0,0,
0,0,0,0,0,0,0,0,0,0,0,0,0,0,0,0,0,0,0,0,0,0,0,0,0,0,0,0,0,0,0,0,0,0,0,0,0,0,0,0,0,0,0,0,0,0,0,0,0,0,0,0,0,0,0,0,0,0,0,0,0,0,0,0,0,0,0,0,0,0,0,0,0,0,0,0,0,0,0,0,0,0,0,0,0,0,0,0,0,0,0,0,0,0,0,0,0,0,0,0,0,0,
0,0,0,0,0,0,0,0,0,0,0,0,0,0,0,0,0,0,0,0,0,0,0,0,0,0,0,0,0,0,0,0,0,0,0,0,0,0,0,0,0,0,0,0,0,0,0,0,0,0,0,0,0,0,0,0,0,0,0,0,0,0,0,0,0,0,0,0,0,0,0,0,0,0,0,0,0,0,0,0,0,0,0,0,0,0,0,0,0,0,0,0,0,0,0,0,0,0,0,0,0,0,
0,0,0,0,0,0,0,0,0,0,0,0,0,0,0,0,0,0,0,0,0,0,0,0,0,0,0,0,0,0,0,0,0,0,0,0,0,0,0,0,0,0,0,0,0,0,0,0,0,0,0,0,0,0,0,0,0,0,0,0,0,0,0,0,0,0,0,0,0,0,0,0,0,0,0,0,0,0,0,0,0,0,0,0,0,0,0,0,0,0,0,0,0,0,0,0,0,0,0,0,0,0,
